-0.000010 -0.000071 0.000038 0.000000 -0.000017 0.200014 -0.000020 0.400011 -0.060003 0.586199 -0.245402 0.629239 -0.444565 0.610966 0.000455 0.000025
-0.000010 -0.000071 0.000014 0.000000 -0.000015 0.199962 -0.000018 0.399950 -0.060000 0.586131 -0.245399 0.629170 -0.444563 0.610898 0.000406 0.000002
0.000003 0.000076 -0.000004 0.000000 -0.000013 0.199894 -0.000015 0.399883 -0.059997 0.586065 -0.245396 0.629104 -0.444560 0.610833 0.000521 -0.000001
-0.000001 0.000073 -0.000001 0.000000 -0.000015 0.199825 -0.000017 0.399817 -0.060000 0.586001 -0.245399 0.629041 -0.444562 0.610769 0.000550 -0.000000
-0.000000 0.000058 0.000001 0.000000 -0.000014 0.199757 -0.000017 0.399750 -0.059999 0.585935 -0.245398 0.628975 -0.444561 0.610702 0.000533 0.000000
0.000000 0.000051 -0.000000 0.000000 -0.000014 0.199690 -0.000017 0.399682 -0.059999 0.585867 -0.245398 0.628906 -0.444561 0.610634 0.000523 -0.000000
-0.000000 0.000054 0.000000 0.000000 -0.000014 0.199623 -0.000017 0.399615 -0.059999 0.585799 -0.245398 0.628839 -0.444561 0.610567 0.000520 0.000000
0.000000 0.000056 -0.000000 0.000000 -0.000014 0.199556 -0.000017 0.399548 -0.059999 0.585732 -0.245398 0.628772 -0.444561 0.610500 0.000523 0.000000
-0.000000 0.000057 -0.000000 0.000000 -0.000014 0.199489 -0.000017 0.399481 -0.059999 0.585665 -0.245398 0.628705 -0.444562 0.610432 0.000525 -0.000000
-0.000000 0.000057 0.000000 0.000000 -0.000014 0.199422 -0.000017 0.399414 -0.059999 0.585598 -0.245398 0.628638 -0.444562 0.610366 0.000525 0.000000
0.000000 0.000056 -0.000000 0.000000 -0.000014 0.199355 -0.000017 0.399347 -0.059999 0.585531 -0.245398 0.628571 -0.444562 0.610298 0.000525 0.000000
-0.000000 0.000056 -0.000000 0.000000 -0.000014 0.199288 -0.000017 0.399280 -0.059999 0.585464 -0.245398 0.628504 -0.444561 0.610231 0.000524 0.000000
0.000000 0.000056 -0.000000 0.000000 -0.000014 0.199221 -0.000017 0.399213 -0.059999 0.585397 -0.245398 0.628437 -0.444562 0.610164 0.000524 0.000000
-0.000000 0.000056 -0.000000 0.000000 -0.000014 0.199154 -0.000017 0.399146 -0.059999 0.585330 -0.245398 0.628370 -0.444561 0.610097 0.000524 0.000000
0.000000 0.000056 0.000000 0.000000 -0.000014 0.199087 -0.000017 0.399079 -0.059999 0.585263 -0.245398 0.628303 -0.444561 0.610030 0.000524 0.000000
-0.000000 0.000056 -0.000000 0.000000 -0.000014 0.199020 -0.000017 0.399012 -0.059999 0.585196 -0.245398 0.628235 -0.444561 0.609963 0.000524 -0.000000
0.000000 0.000240 -0.000000 0.000000 -0.000014 0.198862 -0.000017 0.398853 -0.059999 0.585036 -0.245398 0.628076 -0.444561 0.609803 0.003015 -0.000000
0.000000 0.000758 -0.000000 0.000000 -0.000014 0.198191 -0.000017 0.398179 -0.059999 0.584359 -0.245398 0.627398 -0.444561 0.609126 0.008179 -0.000000
0.000000 0.001647 -0.000000 0.000000 -0.000014 0.196657 -0.000017 0.396641 -0.059999 0.582818 -0.245398 0.625856 -0.444561 0.607584 0.017092 -0.000000
0.000000 0.003068 -0.000000 0.000000 -0.000014 0.193678 -0.000017 0.393656 -0.059999 0.579828 -0.245398 0.622864 -0.444562 0.604593 0.031249 -0.000000
0.000000 0.005067 0.000001 0.000000 -0.000014 0.188544 -0.000017 0.388514 -0.059999 0.574678 -0.245398 0.617712 -0.444561 0.599442 0.050435 0.000000
0.000000 0.007406 0.000002 0.000000 -0.000014 0.180785 -0.000016 0.380748 -0.059998 0.566907 -0.245397 0.609940 -0.444560 0.591671 0.075385 0.000001
0.000000 0.009995 0.000005 0.000000 -0.000013 0.170026 -0.000015 0.369986 -0.059996 0.556141 -0.245395 0.599175 -0.444558 0.580906 0.111935 0.000001
0.000000 0.012609 0.000004 0.000000 -0.000013 0.156147 -0.000013 0.356107 -0.059994 0.542262 -0.245393 0.585296 -0.444556 0.567028 0.150927 0.000001
0.000000 0.015203 0.000004 0.000000 -0.000012 0.139152 -0.000012 0.339112 -0.059992 0.525268 -0.245390 0.568304 -0.444554 0.550037 0.190596 0.000001
0.000000 0.017820 0.000005 0.000000 -0.000012 0.119030 -0.000011 0.318991 -0.059990 0.505147 -0.245388 0.548183 -0.444552 0.529918 0.230528 0.000001
0.000000 0.020455 0.000006 0.000000 -0.000011 0.095746 -0.000009 0.295706 -0.059987 0.481862 -0.245385 0.524899 -0.444549 0.506635 0.270011 0.000002
0.000000 0.023095 0.000008 0.000000 -0.000011 0.069298 -0.000008 0.269258 -0.059984 0.455414 -0.245382 0.498452 -0.444546 0.480189 0.309118 0.000002
-0.000385 0.025642 0.017817 0.004783 0.000359 0.039714 0.001429 0.239671 -0.057553 0.426142 -0.242718 0.470158 -0.441976 0.452945 0.350156 -0.692305
-0.000491 0.027399 0.055533 0.005704 0.001486 0.007577 0.010966 0.207316 -0.040121 0.396105 -0.223270 0.447868 -0.423075 0.439047 0.397069 -1.000000
0.000274 0.028704 0.073469 0.003038 0.023039 0.172358 -0.015286 0.364154 -0.194555 0.428071 -0.394502 0.432654 -0.590964 0.457675 0.442502 -1.000000
0.001495 0.029672 0.088493 0.016025 0.033673 0.134854 0.011292 0.329161 -0.162096 0.407639 -0.360983 0.428687 -0.554712 0.469817 0.497906 -1.000000
0.003106 0.030453 0.101436 0.032348 0.040811 0.095044 0.037251 0.290605 -0.127771 0.385416 -0.323705 0.425519 -0.512571 0.485115 0.554323 -1.000000
0.005031 0.031026 0.112651 0.051175 0.042598 0.053505 0.060193 0.248305 -0.093614 0.360390 -0.284065 0.421428 -0.465383 0.501080 0.610492 -1.000000
0.007271 0.031325 0.122362 0.072602 0.037515 0.011231 0.078038 0.202581 -0.061426 0.332074 -0.243315 0.415213 -0.413932 0.515756 0.665897 -1.000000
0.009719 0.031268 0.131031 0.095926 0.088967 0.154291 -0.032877 0.300479 -0.202702 0.406090 -0.359133 0.527528 -0.385010 0.720329 0.722081 -1.000000
0.012413 0.030747 0.139112 0.122132 0.091540 0.104775 -0.009370 0.266124 -0.163316 0.393770 -0.301846 0.535282 -0.301357 0.729813 0.779355 -1.000000
0.015214 0.029724 0.146900 0.150581 0.084704 0.055803 0.007962 0.229948 -0.126099 0.378336 -0.242916 0.538239 -0.214552 0.730694 0.837390 -1.000000
0.017961 0.028222 0.154183 0.180410 0.067854 0.009517 0.018246 0.193242 -0.091909 0.360143 -0.183280 0.535829 -0.126223 0.721811 0.895525 -1.000000
0.020542 0.026259 0.161165 0.211312 0.040953 -0.031654 0.020937 0.157594 -0.061521 0.339776 -0.124045 0.527670 -0.038376 0.702332 0.953361 -1.000000
0.023115 0.023593 0.168746 0.246744 0.016080 0.124829 -0.035197 0.318115 -0.065871 0.513749 0.047434 0.671894 0.204783 0.795343 0.991579 -1.000000
0.025207 0.020532 0.175753 0.282424 0.004157 0.096885 -0.013068 0.296115 -0.009595 0.494110 0.129251 0.630388 0.305506 0.724905 0.998629 -1.000000
0.026866 0.016894 0.182181 0.321319 -0.013773 0.075714 0.004879 0.274818 0.043676 0.469009 0.204636 0.578292 0.394942 0.639803 0.998157 -1.000000
0.027903 0.012874 0.188423 0.362403 -0.035946 0.063018 0.019193 0.255245 0.093223 0.438922 0.271611 0.516572 0.470006 0.541849 0.991573 -1.000000
0.028262 0.008541 0.194660 0.406580 0.030815 0.238208 0.138564 0.404370 0.328497 0.446527 0.528067 0.433454 0.727290 0.429921 0.999249 -1.000000
0.027890 0.003817 0.201059 0.456710 0.040986 0.224191 0.179386 0.365848 0.373902 0.369729 0.566972 0.317564 0.761585 0.274820 0.994698 -1.000000
0.026671 -0.000306 0.204486 0.503656 0.050989 0.213252 0.215256 0.323882 0.406511 0.288216 0.584975 0.197962 0.766862 0.116621 0.995425 -1.000000
0.025204 -0.002924 0.175570 0.536760 0.057701 0.205401 0.239827 0.283201 0.420975 0.212249 0.579306 0.090086 0.742672 -0.023966 0.999435 -1.000000
0.023633 -0.004061 0.142251 0.554162 0.058615 0.200786 0.250582 0.249496 0.418576 0.151401 0.556108 0.006241 0.699869 -0.131686 0.989464 -1.000000
0.022144 -0.004219 0.111684 0.559931 0.054831 0.198840 0.251338 0.223521 0.405956 0.105469 0.524540 -0.055534 0.650197 -0.210126 0.997690 -1.000000
0.020753 -0.003893 0.090983 0.559018 0.047854 0.198643 0.245834 0.203925 0.388115 0.071269 0.490320 -0.100598 0.600194 -0.266779 0.993239 -1.000000
0.019446 -0.003370 0.080066 0.554614 0.039766 0.199324 0.237492 0.188013 0.368164 0.043907 0.455616 -0.135920 0.551187 -0.310722 0.999658 -1.000000
0.018181 -0.002881 0.075185 0.550020 0.031948 0.200327 0.228223 0.173889 0.347456 0.020183 0.420858 -0.165823 0.502739 -0.347443 0.995811 -1.000000
0.016972 -0.002306 0.073787 0.542983 0.025181 0.201312 0.218958 0.160410 0.326475 -0.001706 0.385894 -0.192640 0.454095 -0.379827 0.989582 -1.000000
0.015810 -0.001711 0.074546 0.534309 0.210103 0.146904 0.305322 -0.022725 0.350440 -0.217534 0.404594 -0.409256 0.571948 -0.477217 0.998093 -1.000000
0.014701 -0.001091 0.076879 0.523583 0.201811 0.132930 0.283902 -0.043426 0.314129 -0.241094 0.353598 -0.436369 0.515321 -0.516812 0.990517 -1.000000
0.013652 -0.000459 0.080337 0.510702 0.194070 0.118197 0.262007 -0.064079 0.276562 -0.263515 0.300519 -0.461294 0.455399 -0.554228 0.998923 -1.000000
0.012666 0.000195 0.084619 0.495095 0.186742 0.102533 0.239358 -0.084741 0.237356 -0.284699 0.244862 -0.483783 0.391518 -0.589214 0.995717 -1.000000
0.011748 0.000843 0.089493 0.477209 0.179598 0.085846 0.215646 -0.105310 0.196175 -0.304329 0.186252 -0.503308 0.323131 -0.621151 0.991520 -1.000000
0.010903 0.001477 0.094888 0.457131 0.172345 0.068106 0.190542 -0.125566 0.152731 -0.321930 0.124430 -0.519138 0.249812 -0.649143 0.994855 -1.000000
0.010141 0.002096 0.100695 0.435138 0.164630 0.049347 0.163721 -0.145177 0.106812 -0.336882 0.059283 -0.530360 0.171293 -0.672046 0.995752 -1.000000
0.009463 0.002729 0.106949 0.410629 0.156055 0.029659 0.134877 -0.163712 0.058296 -0.348445 -0.009139 -0.535918 0.087493 -0.688505 0.990504 -1.000000
0.008884 0.003321 0.113750 0.386148 0.146190 0.009195 0.103719 -0.180642 0.007144 -0.355758 -0.080645 -0.534610 -0.001512 -0.696961 1.000300 -1.000000
0.008391 0.003908 0.120842 0.361246 0.134575 -0.011772 0.070049 -0.195292 -0.046470 -0.357824 -0.154705 -0.525101 -0.095237 -0.695638 0.996199 -1.000000
0.007994 0.004453 0.128034 0.338229 0.120762 -0.032822 0.033830 -0.206854 -0.102069 -0.353573 -0.230342 -0.506034 -0.192630 -0.682661 0.998326 -1.000000
0.007700 0.004948 0.135184 0.318195 0.104356 -0.053407 -0.004781 -0.214451 -0.158853 -0.341960 -0.306122 -0.476167 -0.292048 -0.656226 0.999201 -1.000000
0.007503 0.005398 0.142421 0.301487 0.085050 -0.072877 -0.045424 -0.217182 -0.215732 -0.322031 -0.380234 -0.434459 -0.391340 -0.614727 0.995227 -1.000000
0.007397 0.005804 0.149677 0.288219 0.062650 -0.090483 -0.087529 -0.214158 -0.271341 -0.292975 -0.450519 -0.380139 -0.487874 -0.556845 0.990587 -1.000000
0.007385 0.006155 0.156737 0.278835 0.037140 -0.105376 -0.130228 -0.204566 -0.323952 -0.254273 -0.514377 -0.312937 -0.578387 -0.481828 0.998206 -1.000000
0.007459 0.006445 0.163440 0.273192 0.008725 -0.116650 -0.172365 -0.187769 -0.371548 -0.205824 -0.568909 -0.233249 -0.659137 -0.389716 0.993527 -1.000000
0.007606 0.006674 0.169659 0.270750 -0.022131 -0.123410 -0.212533 -0.163401 -0.411942 -0.148057 -0.611114 -0.142256 -0.726128 -0.281526 0.992477 -1.000000
0.007821 0.006831 0.175245 0.271470 -0.054693 -0.124855 -0.249137 -0.131466 -0.442923 -0.082017 -0.638119 -0.042010 -0.775401 -0.159398 0.998576 -1.000000
0.008101 0.006902 0.180049 0.275382 -0.087972 -0.120364 -0.280508 -0.092411 -0.462458 -0.009400 -0.647469 0.064568 -0.803386 -0.026632 0.994480 -1.000000
0.008390 0.006937 0.183968 0.280097 -0.120770 -0.109585 -0.305034 -0.047162 -0.468896 0.067484 -0.637409 0.173793 -0.807289 0.112396 1.000311 -1.000000
0.008693 0.006919 0.186931 0.286013 -0.151764 -0.092499 -0.321319 0.002889 -0.461173 0.145833 -0.607140 0.281442 -0.785439 0.252485 0.990968 -1.000000
0.009005 0.006840 0.188908 0.293213 -0.179616 -0.069459 -0.328327 0.055964 -0.438964 0.222545 -0.556977 0.383065 -0.737544 0.387972 0.998987 -1.000000
0.009319 0.006700 0.189933 0.301586 -0.203086 -0.041173 -0.325489 0.110025 -0.402744 0.294470 -0.488385 0.474352 -0.664790 0.513196 0.999424 -1.000000
0.009594 0.006549 0.190066 0.309336 -0.221137 -0.008663 -0.312764 0.162936 -0.353772 0.358654 -0.403878 0.551476 -0.569765 0.622945 0.995102 -1.000000
0.009835 0.006380 0.189410 0.316811 -0.233016 0.026822 -0.290630 0.212620 -0.293985 0.412560 -0.306820 0.611371 -0.456248 0.712839 1.000279 -1.000000
0.010038 0.006202 0.188119 0.323823 -0.238289 0.063906 -0.260026 0.257212 -0.225814 0.454234 -0.201126 0.651925 -0.328866 0.779615 0.994926 -1.000000
0.010198 0.006029 0.186311 0.330044 -0.236858 0.101185 -0.222258 0.295162 -0.151995 0.482386 -0.090966 0.672039 -0.192724 0.821255 1.000187 -1.000000
0.010323 0.005852 0.184167 0.335829 -0.228925 0.137321 -0.178880 0.325302 -0.075365 0.496405 0.019522 0.671595 -0.053040 0.836984 0.995355 -1.000000
0.010415 0.005673 0.181877 0.341245 -0.214943 0.171118 -0.131554 0.346873 0.001345 0.496312 0.126502 0.651337 0.085220 0.827161 0.994828 -1.000000
0.010442 0.005561 0.179550 0.344228 -0.195552 0.201553 -0.081965 0.359488 0.075603 0.482650 0.226558 0.612696 0.217512 0.793074 0.999022 -1.000000
0.010471 0.005407 0.177275 0.348272 -0.171531 0.227783 -0.031748 0.363091 0.145157 0.456382 0.316773 0.557620 0.339845 0.736747 1.000368 -1.000000
0.010435 0.005349 0.175154 0.349217 -0.143750 0.249160 0.017567 0.357909 0.208074 0.418793 0.394766 0.488427 0.448847 0.660750 0.996531 -1.000000
0.010391 0.005284 0.173237 0.350242 -0.113122 0.265217 0.064586 0.344405 0.262756 0.371397 0.458684 0.407668 0.541784 0.568030 0.992398 -1.000000
0.010324 0.005254 0.171597 0.350162 -0.080579 0.275657 0.108072 0.323224 0.307935 0.315861 0.507180 0.318023 0.616537 0.461775 0.995793 -1.000000
0.010259 0.005218 0.170237 0.350218 -0.047047 0.280337 0.146944 0.295161 0.342647 0.253948 0.539361 0.222227 0.671557 0.345310 0.997392 -1.000000
0.010185 0.005202 0.169158 0.349689 -0.013438 0.279250 0.180271 0.261130 0.366211 0.187487 0.554748 0.123031 0.705821 0.222045 0.993609 -1.000000
0.010115 0.005188 0.168370 0.349135 0.019362 0.272517 0.207279 0.222143 0.378216 0.118337 0.553254 0.023152 0.718806 0.095406 0.994987 -1.000000
0.010019 0.005237 0.167840 0.346694 0.050504 0.260381 0.227347 0.179293 0.378511 0.048366 0.535162 -0.074749 0.710467 -0.031195 1.000328 -1.000000
0.009947 0.005258 0.167580 0.345206 0.079183 0.243197 0.240011 0.133739 0.367202 -0.020576 0.501106 -0.168103 0.681221 -0.154409 0.992193 -1.000000
0.009864 0.005316 0.167509 0.342652 0.104647 0.221433 0.244968 0.086694 0.344643 -0.086666 0.452069 -0.254453 0.631945 -0.270978 0.990651 -1.000000
0.009804 0.005350 0.167641 0.341005 0.126212 0.195664 0.242089 0.039411 0.311448 -0.148145 0.389378 -0.331497 0.563976 -0.377789 0.998290 -1.000000
0.009736 0.005418 0.167908 0.338362 0.143277 0.166568 0.231427 -0.006842 0.268483 -0.203346 0.314694 -0.397138 0.479106 -0.471934 1.000237 -1.000000
0.009717 0.005413 0.168301 0.338224 0.155342 0.134913 0.213225 -0.050801 0.216869 -0.250736 0.229992 -0.449528 0.379567 -0.550780 0.998181 -1.000000
0.009656 0.005500 0.168782 0.335179 0.162026 0.101553 0.187923 -0.091240 0.157964 -0.288954 0.137542 -0.487131 0.268003 -0.612040 0.997200 -1.000000
0.009626 0.005547 0.169326 0.333611 0.163081 0.067400 0.156156 -0.127002 0.093344 -0.316856 0.039855 -0.508771 0.147429 -0.653853 1.000181 -1.000000
0.009600 0.005599 0.169902 0.331927 0.158408 0.033413 0.118751 -0.157030 0.024778 -0.333554 -0.060355 -0.513684 0.021172 -0.674845 1.000166 -1.000000
0.009592 0.005633 0.170498 0.330972 0.148070 0.000569 0.076714 -0.180403 -0.045814 -0.338456 -0.160241 -0.501560 -0.107205 -0.674204 0.994183 -1.000000
0.009601 0.005645 0.171065 0.330806 0.132295 -0.030166 0.031206 -0.196376 -0.116412 -0.331301 -0.256906 -0.472582 -0.233998 -0.651729 0.991835 -1.000000
0.009622 0.005642 0.171614 0.331195 0.111481 -0.057868 -0.016480 -0.204405 -0.184950 -0.312180 -0.347484 -0.427433 -0.355472 -0.607863 0.994909 -1.000000
0.009617 0.005688 0.172101 0.329976 0.086187 -0.081684 -0.064957 -0.204176 -0.249382 -0.281549 -0.429238 -0.367304 -0.467977 -0.543710 1.000392 -1.000000
0.009641 0.005687 0.172525 0.330365 0.057124 -0.100865 -0.112791 -0.195625 -0.307753 -0.240227 -0.499653 -0.293871 -0.568078 -0.461021 0.991518 -1.000000
0.009654 0.005703 0.172880 0.330148 0.025132 -0.114799 -0.158543 -0.178947 -0.358271 -0.189379 -0.556535 -0.209244 -0.652677 -0.362148 0.997295 -1.000000
0.009677 0.005703 0.173166 0.330480 -0.008845 -0.123028 -0.200824 -0.154595 -0.399363 -0.130483 -0.598085 -0.115917 -0.719124 -0.249985 0.999000 -1.000000
0.009696 0.005705 0.173376 0.330703 -0.043790 -0.125271 -0.238335 -0.123267 -0.429741 -0.065288 -0.622973 -0.016679 -0.765319 -0.127873 0.994962 -1.000000
0.009770 0.005610 0.173514 0.334090 -0.078644 -0.121435 -0.269923 -0.085891 -0.448447 0.004248 -0.630387 0.085473 -0.789790 0.000511 0.995416 -1.000000
0.009742 0.005686 0.173580 0.331835 -0.112351 -0.111619 -0.294616 -0.043582 -0.454888 0.076028 -0.620064 0.187448 -0.791745 0.131284 0.998333 -1.000000
0.009763 0.005673 0.173590 0.332446 -0.143883 -0.096112 -0.311653 0.002379 -0.448853 0.147871 -0.592299 0.286141 -0.771100 0.260470 0.994125 -1.000000
0.009779 0.005662 0.173531 0.332953 -0.172280 -0.075381 -0.320517 0.050599 -0.430527 0.217594 -0.547935 0.378556 -0.728482 0.384142 1.000282 -1.000000
0.009795 0.005647 0.173441 0.333520 -0.196682 -0.050056 -0.320945 0.099617 -0.400472 0.283093 -0.488329 0.461903 -0.665201 0.498565 0.993735 -1.000000
0.009806 0.005635 0.173316 0.333982 -0.216357 -0.020907 -0.312933 0.147956 -0.359614 0.342399 -0.415304 0.533683 -0.583198 0.600300 0.997416 -1.000000
0.009875 0.005517 0.173160 0.337834 -0.230719 0.011184 -0.296739 0.194164 -0.309201 0.393743 -0.331083 0.591763 -0.484979 0.686318 1.000094 -1.000000
0.009821 0.005613 0.173011 0.334721 -0.239347 0.045250 -0.272865 0.236865 -0.250765 0.435610 -0.238213 0.634440 -0.373523 0.754082 0.999976 -1.000000
0.009849 0.005560 0.172838 0.336409 -0.241996 0.080268 -0.242040 0.274793 -0.186071 0.466774 -0.139491 0.660482 -0.252195 0.801617 1.000224 -1.000000
0.009830 0.005586 0.172673 0.335501 -0.238599 0.115191 -0.205203 0.306830 -0.117064 0.486337 -0.037878 0.669158 -0.124642 0.827562 0.997680 -1.000000
0.009835 0.005568 0.172509 0.336018 -0.229272 0.148984 -0.163459 0.332044 -0.045800 0.493753 0.063607 0.660264 0.005339 0.831213 0.989704 -1.000000
0.009822 0.005581 0.172371 0.335526 -0.214302 0.180649 -0.118053 0.349706 0.025609 0.488835 0.161966 0.634110 0.133896 0.812521 0.998826 -1.000000
0.009828 0.005559 0.172232 0.336146 -0.194144 0.209256 -0.070333 0.359314 0.095057 0.471758 0.254304 0.591511 0.257241 0.772093 1.000175 -1.000000
0.009814 0.005573 0.172140 0.335617 -0.169399 0.233970 -0.021707 0.360601 0.160504 0.443053 0.337915 0.533757 0.371752 0.711168 0.996615 -1.000000
0.009812 0.005567 0.172055 0.335720 -0.140802 0.254067 0.026395 0.353543 0.220033 0.403583 0.410357 0.462574 0.474077 0.631573 0.994066 -1.000000
0.009804 0.005570 0.171987 0.335554 -0.109197 0.268965 0.072561 0.338360 0.271907 0.354521 0.469519 0.380071 0.561230 0.535671 0.998505 -1.000000
0.009794 0.005578 0.171933 0.335215 -0.075517 0.278228 0.115435 0.315505 0.314605 0.297325 0.513674 0.288690 0.630660 0.426307 0.996966 -1.000000
0.009800 0.005559 0.171904 0.335742 -0.040752 0.281588 0.153761 0.285655 0.346884 0.233676 0.541539 0.191119 0.680346 0.306700 0.997660 -1.000000
0.009781 0.005585 0.171892 0.334845 -0.005922 0.278949 0.186419 0.249689 0.367801 0.165446 0.552306 0.090225 0.708839 0.180363 1.000331 -1.000000
0.009777 0.005586 0.171900 0.334778 0.027948 0.270388 0.212447 0.208664 0.376743 0.094642 0.545658 -0.011026 0.715303 0.051013 0.993825 -1.000000
0.009775 0.005584 0.171907 0.334808 0.059861 0.256155 0.231080 0.163786 0.373445 0.023343 0.521792 -0.109658 0.699549 -0.077547 0.998050 -1.000000
0.009770 0.005590 0.171938 0.334574 0.088879 0.236667 0.241767 0.116371 0.358002 -0.046354 0.481403 -0.202771 0.662033 -0.201539 0.994921 -1.000000
0.009769 0.005590 0.171980 0.334561 0.114145 0.212493 0.244190 0.067813 0.330861 -0.112399 0.425672 -0.287622 0.603847 -0.317312 0.993746 -1.000000
0.009764 0.005598 0.172017 0.334284 0.134911 0.184343 0.238270 0.019543 0.292813 -0.172843 0.356230 -0.361706 0.526693 -0.421449 0.999000 -1.000000
0.009853 0.005439 0.172067 0.339452 0.150561 0.153044 0.224175 -0.027016 0.244972 -0.225900 0.275114 -0.422831 0.432830 -0.510870 0.993850 -1.000000
0.009756 0.005614 0.172117 0.333795 0.160626 0.119516 0.202314 -0.070490 0.188740 -0.269998 0.184709 -0.469182 0.325016 -0.582925 0.993613 -1.000000
0.009764 0.005602 0.172162 0.334202 0.164804 0.084748 0.173324 -0.109591 0.125772 -0.303827 0.087676 -0.499379 0.206422 -0.635471 1.000231 -1.000000
0.009757 0.005616 0.172201 0.333772 0.162966 0.049768 0.138057 -0.143158 0.057924 -0.326377 -0.013119 -0.512512 0.080549 -0.666935 0.998266 -1.000000
0.009773 0.005592 0.172244 0.334570 0.155159 0.015612 0.097551 -0.170193 -0.012800 -0.336972 -0.114695 -0.508182 -0.048882 -0.676372 0.994090 -1.000000
0.009792 0.005562 0.172280 0.335573 0.141612 -0.016709 0.053003 -0.189892 -0.084307 -0.335291 -0.214045 -0.486505 -0.178041 -0.663485 0.992386 -1.000000
0.009761 0.005618 0.172298 0.333755 0.122721 -0.046233 0.005729 -0.201665 -0.154478 -0.321375 -0.308223 -0.448113 -0.303098 -0.628646 0.990608 -1.000000
0.009780 0.005588 0.172329 0.334764 0.099043 -0.072086 -0.042871 -0.205159 -0.221233 -0.295632 -0.394435 -0.394135 -0.420347 -0.572875 0.995335 -1.000000
0.009770 0.005609 0.172353 0.334114 0.071277 -0.093498 -0.091358 -0.200268 -0.282595 -0.258818 -0.470124 -0.326164 -0.526309 -0.497814 0.999804 -1.000000
0.009771 0.005610 0.172363 0.334108 0.040247 -0.109833 -0.138291 -0.187133 -0.336737 -0.212022 -0.533038 -0.246214 -0.617834 -0.405687 0.995015 -1.000000
0.009767 0.005621 0.172367 0.333772 0.006871 -0.120603 -0.182280 -0.166141 -0.382053 -0.156631 -0.581310 -0.156653 -0.692204 -0.299223 1.000366 -1.000000
0.009783 0.005593 0.172366 0.334676 -0.027859 -0.125489 -0.222018 -0.137915 -0.417198 -0.094287 -0.613504 -0.060139 -0.747211 -0.181580 1.000332 -1.000000
0.009772 0.005615 0.172364 0.333995 -0.062914 -0.124346 -0.256326 -0.103293 -0.441128 -0.026840 -0.628666 0.040466 -0.781223 -0.056247 0.993858 -1.000000
0.009795 0.005574 0.172357 0.335317 -0.097254 -0.117208 -0.284187 -0.063300 -0.453136 0.043709 -0.626348 0.142178 -0.793233 0.073057 0.997421 -1.000000
0.009786 0.005592 0.172347 0.334754 -0.129860 -0.104286 -0.304776 -0.019123 -0.452866 0.115272 -0.606621 0.241984 -0.782888 0.202503 0.997382 -1.000000
0.009781 0.005602 0.172337 0.334432 -0.159767 -0.085964 -0.317484 0.027930 -0.440327 0.185726 -0.570071 0.336925 -0.750497 0.328252 1.000231 -1.000000
0.009778 0.005606 0.172320 0.334288 -0.186088 -0.062788 -0.321934 0.076460 -0.415895 0.252982 -0.517785 0.424186 -0.697025 0.446575 0.997523 -1.000000
0.009784 0.005596 0.172308 0.334617 -0.208044 -0.035443 -0.317998 0.125032 -0.380295 0.315050 -0.451316 0.501188 -0.624061 0.553973 0.994987 -1.000000
0.009778 0.005604 0.172287 0.334352 -0.224984 -0.004742 -0.305793 0.172206 -0.334585 0.370090 -0.372637 0.565648 -0.533772 0.647263 0.999884 -1.000000
0.009794 0.005577 0.172281 0.335227 -0.236410 0.028407 -0.285682 0.216589 -0.280117 0.416480 -0.284074 0.615666 -0.428827 0.723694 0.993712 -1.000000
0.009782 0.005596 0.172273 0.334587 -0.241984 0.063022 -0.258262 0.256864 -0.218509 0.452844 -0.188257 0.649761 -0.312346 0.781001 0.994975 -1.000000
0.009786 0.005589 0.172261 0.334809 -0.241540 0.098077 -0.224345 0.291842 -0.151583 0.478110 -0.088020 0.666929 -0.187772 0.817494 0.999551 -1.000000
0.009783 0.005593 0.172254 0.334687 -0.235094 0.132537 -0.184936 0.320489 -0.081318 0.491531 0.013674 0.666664 -0.058789 0.832098 0.993822 -1.000000
0.009789 0.005582 0.172238 0.335045 -0.222837 0.165380 -0.141203 0.341956 -0.009799 0.492712 0.113808 0.648977 0.070777 0.824382 0.995198 -1.000000
0.009777 0.005602 0.172245 0.334370 -0.205131 0.195636 -0.094437 0.355612 0.060865 0.481620 0.209429 0.614391 0.197102 0.794576 0.995405 -1.000000
0.009778 0.005600 0.172241 0.334450 -0.182501 0.222411 -0.046022 0.361051 0.128580 0.458582 0.297704 0.563931 0.316447 0.743563 0.994120 -1.000000
0.009780 0.005595 0.172230 0.334582 -0.155617 0.244910 0.002605 0.358114 0.191341 0.424283 0.376019 0.499093 0.425276 0.672857 1.000198 -1.000000
0.009777 0.005601 0.172232 0.334410 -0.125275 0.262469 0.050009 0.346887 0.247293 0.379737 0.442060 0.421795 0.520372 0.584549 0.994949 -1.000000
0.009788 0.005580 0.172232 0.335075 -0.092373 0.274569 0.094787 0.327703 0.294781 0.326262 0.493875 0.334325 0.598924 0.481253 0.997396 -1.000000
0.009784 0.005587 0.172233 0.334843 -0.057881 0.280852 0.135615 0.301129 0.332402 0.265439 0.529931 0.239266 0.658610 0.366021 0.999597 -1.000000
0.009772 0.005608 0.172236 0.334149 -0.022823 0.281131 0.171284 0.267951 0.359041 0.199068 0.549159 0.139435 0.697661 0.242265 0.995028 -1.000000
0.009776 0.005600 0.172229 0.334398 0.011764 0.275398 0.200739 0.229152 0.373909 0.129114 0.550991 0.037785 0.714921 0.113648 1.000231 -1.000000
0.009781 0.005590 0.172239 0.334726 0.044857 0.263823 0.223108 0.185878 0.376566 0.057647 0.535373 -0.062676 0.709879 -0.016026 0.991722 -1.000000
0.009769 0.005612 0.172233 0.334014 0.075477 0.246748 0.237728 0.139411 0.366935 -0.013221 0.502765 -0.158978 0.682685 -0.142921 1.000272 -1.000000
0.009784 0.005586 0.172257 0.334862 0.102718 0.224677 0.244168 0.091123 0.345298 -0.081393 0.454131 -0.248271 0.634140 -0.263284 0.994974 -1.000000
0.009769 0.005613 0.172259 0.334009 0.125775 0.198263 0.242235 0.042443 0.312293 -0.144852 0.390908 -0.327913 0.565678 -0.373552 0.992334 -1.000000
0.009776 0.005601 0.172252 0.334393 0.143962 0.168288 0.231985 -0.005186 0.268898 -0.201717 0.314967 -0.395543 0.479325 -0.470459 0.993261 -1.000000
0.009770 0.005613 0.172267 0.334011 0.156741 0.135638 0.213722 -0.050355 0.216395 -0.250305 0.228553 -0.449159 0.377634 -0.551135 0.992447 -1.000000
0.009775 0.005602 0.172255 0.334348 0.163734 0.101281 0.187985 -0.091726 0.156340 -0.289177 0.134227 -0.487173 0.263618 -0.613190 0.996886 -1.000000
0.009771 0.005611 0.172272 0.334079 0.164733 0.066232 0.155535 -0.128076 0.090507 -0.317182 0.034776 -0.508458 0.140646 -0.654788 0.998951 -1.000000
0.009782 0.005592 0.172267 0.334679 0.159709 0.031531 0.117334 -0.158326 0.020848 -0.333489 -0.066851 -0.512384 0.012364 -0.674694 0.999084 -1.000000
0.009776 0.005602 0.172265 0.334374 0.148809 -0.001795 0.074513 -0.181581 -0.050574 -0.337616 -0.167644 -0.498835 -0.117428 -0.672320 0.998466 -1.000000
0.009773 0.005606 0.172260 0.334226 0.132358 -0.032759 0.028340 -0.197153 -0.121645 -0.329442 -0.264620 -0.468212 -0.244889 -0.647736 0.994916 -1.000000
0.009798 0.005564 0.172264 0.335598 0.110843 -0.060446 -0.019818 -0.204581 -0.190262 -0.309208 -0.354910 -0.421422 -0.366249 -0.601672 0.993125 -1.000000
0.009776 0.005601 0.172259 0.334390 0.084899 -0.084037 -0.068538 -0.203646 -0.254395 -0.277514 -0.435842 -0.359849 -0.477915 -0.535489 1.000043 -1.000000
0.009781 0.005593 0.172260 0.334661 0.055294 -0.102832 -0.116377 -0.194374 -0.312145 -0.235295 -0.505022 -0.285314 -0.576584 -0.451146 1.000183 -1.000000
0.009779 0.005598 0.172268 0.334509 0.022905 -0.116274 -0.161917 -0.177040 -0.361802 -0.183805 -0.560398 -0.200027 -0.659330 -0.351141 0.994070 -1.000000
0.009777 0.005601 0.172268 0.334406 -0.011309 -0.123967 -0.203811 -0.152158 -0.401896 -0.124564 -0.600332 -0.106510 -0.723707 -0.238432 0.999913 -1.000000
0.009791 0.005576 0.172265 0.335223 -0.046335 -0.125683 -0.240820 -0.120464 -0.431241 -0.059328 -0.623643 -0.007531 -0.767808 -0.116357 0.994912 -1.000000
0.009780 0.005596 0.172268 0.334576 -0.081136 -0.121370 -0.271847 -0.082895 -0.448967 0.009971 -0.629640 0.093977 -0.790327 0.011470 0.998644 -1.000000
0.009777 0.005602 0.172276 0.334384 -0.114685 -0.111155 -0.295974 -0.040563 -0.454549 0.081287 -0.618144 0.195017 -0.790597 0.141271 0.999108 -1.000000
0.009811 0.005543 0.172269 0.336311 -0.145984 -0.095341 -0.312487 0.005278 -0.447823 0.152503 -0.589496 0.292589 -0.768610 0.269195 0.989598 -1.000000
0.009785 0.005587 0.172261 0.334847 -0.174110 -0.074397 -0.320896 0.053270 -0.428987 0.221513 -0.544546 0.383808 -0.725018 0.391458 0.998951 -1.000000
0.009776 0.005604 0.172261 0.334313 -0.198227 -0.048944 -0.320953 0.101992 -0.398600 0.286271 -0.484624 0.465970 -0.661112 0.504438 0.999027 -1.000000
0.009777 0.005600 0.172260 0.334431 -0.217623 -0.019734 -0.312656 0.150001 -0.357562 0.344862 -0.411506 0.536646 -0.578786 0.604791 0.993863 -1.000000
0.009783 0.005590 0.172263 0.334753 -0.231725 0.012367 -0.296252 0.195878 -0.307088 0.395553 -0.327355 0.593744 -0.480476 0.689549 0.991510 -1.000000
0.009782 0.005593 0.172256 0.334669 -0.240114 0.046410 -0.272226 0.238266 -0.248671 0.436844 -0.234661 0.635577 -0.369090 0.756207 0.998201 -1.000000
0.009794 0.005571 0.172259 0.335364 -0.242543 0.081388 -0.241289 0.275909 -0.184039 0.467512 -0.136167 0.660905 -0.247926 0.802789 0.993712 -1.000000
0.009796 0.005568 0.172258 0.335483 -0.238940 0.116263 -0.204358 0.307692 -0.115109 0.486650 -0.034793 0.668978 -0.120574 0.827916 0.997529 -1.000000
0.009774 0.005607 0.172259 0.334200 -0.229411 0.150007 -0.162522 0.332678 -0.043915 0.493692 0.066470 0.659558 0.009208 0.830846 0.988690 -1.000000
0.009779 0.005597 0.172260 0.334524 -0.214238 0.181619 -0.117023 0.350124 0.027432 0.488428 0.164618 0.632922 0.137570 0.811491 0.988792 -1.000000
0.009777 0.005602 0.172260 0.334386 -0.193870 0.210163 -0.069206 0.359514 0.096821 0.471015 0.256748 0.589859 0.260713 0.770422 0.999310 -1.000000
0.009785 0.005587 0.172261 0.334848 -0.168910 0.234794 -0.020489 0.360570 0.162195 0.441967 0.340128 0.531644 0.374990 0.708856 0.993939 -1.000000
0.009785 0.005587 0.172258 0.334861 -0.140099 0.254782 0.027687 0.353261 0.221620 0.402146 0.412292 0.460003 0.477018 0.628619 0.998257 -1.000000
0.009775 0.005605 0.172263 0.334295 -0.108286 0.269537 0.073898 0.337803 0.273340 0.352728 0.471107 0.377051 0.563782 0.532080 0.994170 -1.000000
0.009778 0.005599 0.172251 0.334480 -0.074417 0.278621 0.116773 0.314655 0.315821 0.295180 0.514830 0.285250 0.632709 0.422103 1.000085 -1.000000
0.009775 0.005603 0.172251 0.334327 -0.039491 0.281767 0.155046 0.284502 0.347807 0.231202 0.542167 0.187313 0.681762 0.301940 1.000128 -1.000000
0.009778 0.005598 0.172254 0.334493 -0.004543 0.278881 0.187582 0.248236 0.368352 0.162689 0.552310 0.086140 0.709488 0.175148 0.993669 -1.000000
0.009775 0.005603 0.172256 0.334333 0.029391 0.270048 0.213418 0.206931 0.376847 0.091670 0.544959 -0.015272 0.715068 0.045484 0.991493 -1.000000
0.009841 0.005488 0.172250 0.338077 0.061310 0.255530 0.231792 0.161809 0.373042 0.020246 0.520332 -0.113924 0.698338 -0.083220 0.998280 -1.000000
0.009783 0.005590 0.172248 0.334754 0.090266 0.235756 0.242159 0.114206 0.357050 -0.049470 0.479159 -0.206897 0.659793 -0.207152 0.995652 -1.000000
0.009791 0.005576 0.172263 0.335223 0.115406 0.211313 0.244211 0.065530 0.329342 -0.115415 0.422656 -0.291440 0.600571 -0.322648 0.998898 -1.000000
0.009778 0.005599 0.172260 0.334473 0.135983 0.182921 0.237889 0.017219 0.290738 -0.175640 0.352491 -0.365053 0.522422 -0.426292 0.989984 -1.000000
0.009798 0.005564 0.172261 0.335604 0.151389 0.151422 0.223377 -0.029294 0.242380 -0.228357 0.270746 -0.425552 0.427662 -0.515009 1.000268 -1.000000
0.009788 0.005581 0.172260 0.335041 0.161166 0.117749 0.201106 -0.072631 0.185700 -0.272006 0.179839 -0.471146 0.319094 -0.586172 0.998319 -1.000000
0.009782 0.005593 0.172260 0.334685 0.165025 0.082898 0.171734 -0.111511 0.122375 -0.305296 0.082459 -0.500485 0.199932 -0.637677 1.000067 -1.000000
0.009772 0.005612 0.172266 0.334065 0.162851 0.047902 0.136131 -0.144782 0.054280 -0.327240 -0.018509 -0.512700 0.073704 -0.667996 0.996564 -1.000000
0.009775 0.005604 0.172260 0.334296 0.154711 0.013797 0.095353 -0.171457 -0.016566 -0.337188 -0.120071 -0.507430 -0.055847 -0.676232 0.995001 -1.000000
0.009773 0.005608 0.172252 0.334168 0.140844 -0.018408 0.050607 -0.190748 -0.088066 -0.334848 -0.219224 -0.484833 -0.184889 -0.662145 1.000286 -1.000000
0.009779 0.005596 0.172252 0.334554 0.121663 -0.047759 0.003218 -0.202086 -0.158106 -0.320289 -0.313033 -0.445578 -0.309603 -0.626152 0.993712 -1.000000
0.009778 0.005598 0.172252 0.334494 0.097734 -0.073389 -0.045413 -0.205135 -0.224610 -0.293943 -0.398721 -0.390830 -0.426297 -0.569320 0.996248 -1.000000
0.009773 0.005609 0.172259 0.334155 0.069765 -0.094539 -0.093848 -0.199805 -0.285617 -0.256588 -0.473760 -0.322202 -0.531526 -0.493327 1.000082 -1.000000
0.009776 0.005603 0.172269 0.334348 0.038583 -0.110584 -0.140654 -0.186251 -0.339318 -0.209328 -0.535923 -0.241727 -0.622172 -0.400419 0.992311 -1.000000
0.009773 0.005609 0.172256 0.334154 0.005113 -0.121047 -0.184442 -0.164877 -0.384121 -0.153566 -0.583369 -0.151790 -0.695546 -0.293354 0.995235 -1.000000
0.009786 0.005586 0.172262 0.334908 -0.029657 -0.125619 -0.223918 -0.136314 -0.418701 -0.090948 -0.614695 -0.055051 -0.749480 -0.175295 0.999282 -1.000000
0.009777 0.005602 0.172258 0.334386 -0.064694 -0.124165 -0.257912 -0.101409 -0.442034 -0.023333 -0.628972 0.045623 -0.782375 -0.049744 0.998493 -1.000000
0.009779 0.005597 0.172253 0.334518 -0.098962 -0.116728 -0.285419 -0.061195 -0.453429 0.047281 -0.625778 0.147254 -0.793258 0.079588 0.994881 -1.000000
0.009821 0.005523 0.172256 0.336917 -0.131448 -0.103528 -0.305624 -0.016863 -0.452551 0.118801 -0.605210 0.246831 -0.781811 0.208868 0.994003 -1.000000
0.009788 0.005581 0.172254 0.335047 -0.161189 -0.084957 -0.317930 0.030275 -0.439425 0.189112 -0.567876 0.341410 -0.748370 0.334273 0.990645 -1.000000
0.009776 0.005601 0.172256 0.334386 -0.187307 -0.061563 -0.321973 0.078827 -0.414439 0.256136 -0.514880 0.428195 -0.693924 0.452096 0.994965 -1.000000
0.009800 0.005559 0.172249 0.335763 -0.209028 -0.034040 -0.317633 0.127352 -0.378334 0.317885 -0.447792 0.504611 -0.620088 0.558843 1.000329 -1.000000
0.009784 0.005588 0.172252 0.334821 -0.225708 -0.003201 -0.305038 0.174415 -0.332179 0.372532 -0.368598 0.568400 -0.529047 0.651357 0.996245 -1.000000
0.009773 0.005608 0.172256 0.334179 -0.236855 0.030040 -0.284562 0.218624 -0.277338 0.418462 -0.279640 0.617674 -0.423492 0.726900 0.998988 -1.000000
0.009776 0.005601 0.172252 0.334387 -0.242138 0.064699 -0.256810 0.258670 -0.215435 0.454314 -0.183553 0.650974 -0.306551 0.783237 0.998304 -1.000000
0.009786 0.005584 0.172259 0.334932 -0.241400 0.099752 -0.222603 0.293368 -0.148301 0.479027 -0.083177 0.667315 -0.181680 0.818700 0.988821 -1.000000
0.009784 0.005588 0.172260 0.334826 -0.234665 0.134161 -0.182952 0.321691 -0.077922 0.491870 0.018517 0.666211 -0.052574 0.832239 1.000357 -1.000000
0.009775 0.005604 0.172261 0.334290 -0.222130 0.166906 -0.139034 0.342800 -0.006384 0.492461 0.118515 0.647695 0.076940 0.823451 0.996643 -1.000000
0.009773 0.005606 0.172257 0.334230 -0.204167 0.197019 -0.092147 0.356069 0.064196 0.480783 0.213858 0.612315 0.203029 0.792596 1.000378 -1.000000
0.009794 0.005571 0.172259 0.335387 -0.181308 0.223608 -0.043679 0.361107 0.131729 0.457181 0.301724 0.561118 0.321963 0.740588 0.996697 -1.000000
0.009775 0.005605 0.172267 0.334292 -0.154227 0.245887 0.004937 0.357764 0.194219 0.422353 0.379516 0.495617 0.430224 0.668963 0.993724 -1.000000
0.009775 0.005604 0.172273 0.334303 -0.123729 0.263195 0.052258 0.346138 0.249811 0.377331 0.444924 0.417753 0.524600 0.579845 0.995763 -1.000000
0.009775 0.005607 0.172278 0.334230 -0.090714 0.275020 0.096887 0.326573 0.296862 0.323445 0.496017 0.329829 0.602302 0.475866 0.993907 -1.000000
0.009800 0.005561 0.172265 0.335713 -0.056161 0.281012 0.137500 0.299649 0.333978 0.262294 0.531277 0.234449 0.661026 0.360110 1.000122 -1.000000
0.009834 0.005501 0.172259 0.337638 -0.021093 0.280993 0.172895 0.266163 0.360059 0.195687 0.549663 0.134439 0.699034 0.236003 0.989652 -1.000000
0.009783 0.005591 0.172262 0.334735 0.013450 0.274965 0.202024 0.227108 0.374334 0.125597 0.550631 0.032761 0.715201 0.107223 0.998712 -1.000000
0.009784 0.005590 0.172263 0.334769 0.046450 0.263105 0.224027 0.183637 0.376382 0.054096 0.534152 -0.067583 0.709051 -0.022428 0.999004 -1.000000
0.009773 0.005609 0.172266 0.334140 0.076927 0.245765 0.238251 0.137039 0.366141 -0.016697 0.500715 -0.163614 0.680766 -0.149102 0.995022 -1.000000
0.009773 0.005609 0.172261 0.334159 0.103980 0.223459 0.244275 0.088693 0.343916 -0.084687 0.451310 -0.252495 0.631182 -0.269056 0.996379 -1.000000
0.009805 0.005552 0.172262 0.336001 0.126808 0.196847 0.241922 0.040030 0.310364 -0.147861 0.387400 -0.331592 0.561770 -0.378735 0.997520 -1.000000
0.009784 0.005590 0.172264 0.334759 0.144736 0.166715 0.231261 -0.007510 0.266478 -0.204352 0.310874 -0.398568 0.474580 -0.474898 0.996663 -1.000000
0.009779 0.005598 0.172259 0.334503 0.157232 0.133958 0.212608 -0.052519 0.213558 -0.252485 0.224001 -0.451436 0.372197 -0.554693 0.999081 -1.000000
0.009774 0.005606 0.172254 0.334239 0.163928 0.099544 0.186516 -0.093665 0.153171 -0.290835 0.129354 -0.488634 0.257655 -0.615760 0.997982 -1.000000
0.009787 0.005582 0.172247 0.335004 0.164625 0.064493 0.153758 -0.129729 0.087107 -0.318269 0.029735 -0.509060 0.134344 -0.656294 0.994889 -1.000000
0.009769 0.005612 0.172242 0.334021 0.159303 0.029842 0.115304 -0.159646 0.017321 -0.333976 -0.071907 -0.512114 0.005914 -0.675096 0.991514 -1.000000
0.009773 0.005607 0.172252 0.334193 0.148121 -0.003386 0.072291 -0.182531 -0.054126 -0.337492 -0.172569 -0.497704 -0.123839 -0.671611 0.992361 -1.000000
0.009770 0.005611 0.172241 0.334044 0.131409 -0.034206 0.025991 -0.197706 -0.125117 -0.328712 -0.269271 -0.466257 -0.251073 -0.645943 0.991944 -1.000000
0.009770 0.005611 0.172252 0.334051 0.109660 -0.061707 -0.022224 -0.204724 -0.193553 -0.307895 -0.359152 -0.418702 -0.372026 -0.598849 0.996108 -1.000000
0.009770 0.005612 0.172257 0.334046 0.083517 -0.085076 -0.070932 -0.203374 -0.257411 -0.275657 -0.439554 -0.356444 -0.483121 -0.531720 1.000038 -1.000000
0.009777 0.005601 0.172268 0.334420 0.053754 -0.103619 -0.118689 -0.193695 -0.314799 -0.232948 -0.508095 -0.281323 -0.581067 -0.446538 0.993686 -1.000000
0.009781 0.005593 0.172258 0.334643 0.021254 -0.116786 -0.164079 -0.175976 -0.364014 -0.181038 -0.562741 -0.195569 -0.662957 -0.345835 0.989734 -1.000000
0.009773 0.005607 0.172261 0.334208 -0.013022 -0.124188 -0.205758 -0.150740 -0.403601 -0.121461 -0.601876 -0.101719 -0.726369 -0.232586 0.994880 -1.000000
0.009778 0.005597 0.172251 0.334518 -0.048059 -0.125607 -0.242493 -0.118735 -0.432387 -0.055984 -0.624341 -0.002553 -0.769426 -0.110150 0.991042 -1.000000
0.009789 0.005577 0.172246 0.335155 -0.082819 -0.121000 -0.273196 -0.080909 -0.449521 0.013457 -0.629475 0.098993 -0.790856 0.017852 1.000159 -1.000000
0.009774 0.005605 0.172258 0.334254 -0.116275 -0.110505 -0.296960 -0.038380 -0.454498 0.084808 -0.617123 0.199919 -0.790025 0.147635 0.989601 -1.000000
0.009771 0.005610 0.172254 0.334083 -0.147437 -0.094430 -0.313082 0.007593 -0.447168 0.155958 -0.587652 0.297237 -0.766957 0.275358 0.996592 -1.000000
0.009773 0.005607 0.172268 0.334195 -0.175383 -0.073252 -0.321084 0.055653 -0.427748 0.224804 -0.541930 0.388070 -0.722331 0.397246 0.999008 -1.000000
0.009784 0.005589 0.172265 0.334799 -0.199284 -0.047597 -0.320729 0.104371 -0.396814 0.289300 -0.481315 0.469720 -0.657471 0.509679 0.997445 -1.000000
0.009772 0.005610 0.172264 0.334096 -0.218434 -0.018225 -0.312026 0.152309 -0.355279 0.347543 -0.407597 0.539777 -0.574293 0.609336 0.990437 -1.000000
0.009786 0.005586 0.172264 0.334898 -0.232264 0.013994 -0.295234 0.198046 -0.304376 0.397804 -0.322962 0.596161 -0.475265 0.693260 0.998206 -1.000000
0.009772 0.005609 0.172261 0.334133 -0.240366 0.048107 -0.270849 0.240228 -0.245609 0.438599 -0.229913 0.637206 -0.363314 0.758972 0.997519 -1.000000
0.009790 0.005578 0.172262 0.335141 -0.242500 0.083104 -0.239593 0.277608 -0.180717 0.468718 -0.131204 0.661696 -0.241753 0.804525 0.999799 -1.000000
0.009777 0.005601 0.172266 0.334398 -0.238602 0.117949 -0.202393 0.309077 -0.111625 0.487269 -0.029760 0.668907 -0.114186 0.828569 0.996211 -1.000000
0.009775 0.005604 0.172258 0.334289 -0.228789 0.151610 -0.160349 0.333705 -0.040376 0.493705 0.071415 0.658625 0.015612 0.830395 1.000376 -1.000000
0.009797 0.005566 0.172263 0.335542 -0.213350 0.183091 -0.114706 0.350762 0.030921 0.487834 0.169330 0.631156 0.143801 0.809948 0.988744 -1.000000
0.009772 0.005609 0.172263 0.334137 -0.192742 0.211460 -0.066813 0.359745 0.100156 0.469831 0.261088 0.587311 0.266589 0.767834 0.997281 -1.000000
0.009773 0.005610 0.172278 0.334109 -0.167575 0.235880 -0.018088 0.360388 0.165283 0.440227 0.343972 0.528386 0.380342 0.705295 0.995874 -1.000000
0.009773 0.005609 0.172272 0.334162 -0.138595 0.255624 0.030025 0.352669 0.224368 0.399899 0.415526 0.456128 0.481687 0.624187 0.994081 -1.000000
0.009772 0.005612 0.172273 0.334061 -0.106659 0.270110 0.076101 0.336819 0.275664 0.350042 0.473631 0.372677 0.567625 0.526909 0.994885 -1.000000
0.009771 0.005612 0.172257 0.334048 -0.072714 0.278907 0.118777 0.313308 0.317651 0.292133 0.516567 0.280504 0.635611 0.416346 0.999631 -1.000000
0.009773 0.005609 0.172258 0.334159 -0.037764 0.281757 0.156789 0.282830 0.349088 0.227885 0.543065 0.182338 0.683634 0.295768 0.994880 -1.000000
0.009774 0.005606 0.172257 0.334240 -0.002844 0.278575 0.189012 0.246291 0.369044 0.159203 0.552341 0.081086 0.710274 0.168748 0.995023 -1.000000
0.009773 0.005608 0.172259 0.334172 0.031013 0.269456 0.214494 0.204769 0.376932 0.088116 0.544123 -0.020258 0.714745 0.039042 0.993738 -1.000000
0.009774 0.005606 0.172254 0.334231 0.062805 0.254669 0.232481 0.159495 0.372516 0.016730 0.518653 -0.118694 0.696915 -0.089511 0.999737 -1.000000
0.009773 0.005607 0.172250 0.334195 0.091592 0.234652 0.242440 0.111808 0.355927 -0.052844 0.476686 -0.211309 0.657311 -0.213108 0.996846 -1.000000
0.009775 0.005605 0.172260 0.334292 0.116523 0.209997 0.244077 0.063117 0.327656 -0.118549 0.419460 -0.295366 0.597102 -0.328095 0.989746 -1.000000
0.009774 0.005607 0.172267 0.334227 0.136858 0.181433 0.237342 0.014866 0.288539 -0.178437 0.348670 -0.368372 0.518070 -0.431062 1.000213 -1.000000
0.009775 0.005606 0.172266 0.334252 0.151995 0.149807 0.222434 -0.031519 0.239732 -0.230737 0.266409 -0.428168 0.422553 -0.518964 0.999095 -1.000000
0.009775 0.005606 0.172260 0.334255 0.161485 0.116055 0.199795 -0.074660 0.182684 -0.273896 0.175119 -0.472978 0.313386 -0.589191 1.000397 -1.000000
0.009772 0.005610 0.172262 0.334116 0.165048 0.081177 0.170095 -0.113283 0.119081 -0.306639 0.077499 -0.501480 0.193795 -0.639670 0.997430 -1.000000
0.009777 0.005602 0.172258 0.334364 0.162579 0.046204 0.134214 -0.146244 0.050808 -0.327997 -0.023561 -0.512829 0.067322 -0.668907 0.993901 -1.000000
0.009774 0.005606 0.172248 0.334244 0.154151 0.012172 0.093216 -0.172568 -0.020113 -0.337339 -0.125067 -0.506692 -0.062285 -0.676036 1.000399 -1.000000
0.009772 0.005609 0.172248 0.334144 0.140015 -0.019911 0.048313 -0.191476 -0.091584 -0.334389 -0.224015 -0.483251 -0.191193 -0.660850 0.995018 -1.000000
0.009773 0.005607 0.172245 0.334211 0.120588 -0.049097 0.000834 -0.202410 -0.161491 -0.319235 -0.317479 -0.443201 -0.315587 -0.623797 0.989606 -1.000000
0.009770 0.005612 0.172244 0.334045 0.096447 -0.074522 -0.047816 -0.205045 -0.227764 -0.292325 -0.402694 -0.387726 -0.431788 -0.565975 0.996287 -1.000000
0.009776 0.005601 0.172253 0.334384 0.068303 -0.095435 -0.096199 -0.199305 -0.288444 -0.254455 -0.477138 -0.318467 -0.536358 -0.489093 0.992449 -1.000000
0.009774 0.005605 0.172242 0.334252 0.036993 -0.111215 -0.142880 -0.185358 -0.341733 -0.206748 -0.538606 -0.237476 -0.626199 -0.395431 0.996979 -1.000000
0.009775 0.005604 0.172252 0.334303 0.003439 -0.121397 -0.186480 -0.163617 -0.386056 -0.150612 -0.585282 -0.147146 -0.698656 -0.287753 0.993722 -1.000000
0.009776 0.005601 0.172257 0.334386 -0.031362 -0.125677 -0.225707 -0.134726 -0.420098 -0.087712 -0.615781 -0.050156 -0.751579 -0.169254 0.991561 -1.000000
0.009775 0.005604 0.172258 0.334304 -0.066382 -0.123931 -0.259401 -0.099539 -0.442854 -0.019906 -0.629201 0.050630 -0.783407 -0.043433 0.996365 -1.000000
0.009785 0.005585 0.172256 0.334901 -0.100584 -0.116209 -0.286564 -0.059099 -0.453650 0.050796 -0.625145 0.152224 -0.793193 0.085979 0.994278 -1.000000
0.009776 0.005603 0.172263 0.334338 -0.132957 -0.102739 -0.306392 -0.014601 -0.452164 0.122303 -0.603732 0.251622 -0.780648 0.215156 0.994943 -1.000000
0.009775 0.005604 0.172257 0.334310 -0.162541 -0.083921 -0.318298 0.032637 -0.438442 0.192498 -0.565597 0.345880 -0.746144 0.340273 0.999311 -1.000000
0.009773 0.005607 0.172260 0.334192 -0.188461 -0.060310 -0.321930 0.081217 -0.412889 0.259304 -0.511865 0.432209 -0.690701 0.457628 0.993864 -1.000000
0.009776 0.005602 0.172267 0.334358 -0.209949 -0.032607 -0.317179 0.129701 -0.376261 0.320742 -0.444130 0.508052 -0.615960 0.563744 0.993638 -1.000000
0.009717 0.005639 0.174872 0.332628 -0.226353 -0.001490 -0.304048 0.176846 -0.329368 0.375204 -0.363986 0.571398 -0.523666 0.655823 0.990539 -0.307692
0.009736 0.006214 0.182803 0.319179 -0.236819 0.033643 -0.280966 0.223083 -0.269978 0.422741 -0.268528 0.621952 -0.410296 0.733863 0.992837 0.056721
0.010273 0.007269 0.170831 0.303972 -0.241915 0.067086 -0.252664 0.261298 -0.207343 0.456050 -0.171492 0.652010 -0.291792 0.786721 0.998054 0.052327
0.010651 0.008149 0.176225 0.292123 -0.241734 0.099741 -0.218817 0.292895 -0.140578 0.476915 -0.071460 0.663757 -0.166716 0.817189 0.997422 0.053288
0.011126 0.008956 0.182992 0.284267 -0.235645 0.132565 -0.178438 0.318476 -0.068445 0.485478 0.033081 0.656892 -0.033094 0.824923 0.997443 0.055443
0.011728 0.009563 0.191512 0.282258 -0.223314 0.164608 -0.132385 0.336570 0.006866 0.480100 0.138626 0.629546 0.105004 0.806977 0.998493 0.057852
0.012426 0.009921 0.202001 0.285543 -0.204199 0.195265 -0.081259 0.346025 0.083476 0.459419 0.242026 0.580084 0.243917 0.760663 1.000223 0.060967
0.013199 0.009974 0.214044 0.294013 -0.177852 0.223399 -0.026287 0.345362 0.158402 0.422098 0.338553 0.507230 0.377900 0.683485 0.992951 0.064556
0.013983 0.009734 0.226665 0.306430 -0.144151 0.247421 0.030517 0.333102 0.227558 0.367382 0.422015 0.410851 0.499146 0.574153 0.996289 0.068389
0.014745 0.009137 0.239527 0.323418 -0.103544 0.265343 0.086249 0.308130 0.285862 0.295727 0.485097 0.292861 0.598052 0.433793 0.992593 0.072308
0.015671 0.008166 0.238269 0.347086 -0.058403 0.274842 0.136109 0.270711 0.326869 0.210648 0.519559 0.159933 0.663112 0.269551 0.993875 0.764616
0.016554 0.007258 0.205004 0.368470 -0.019632 0.274302 0.169319 0.227958 0.342435 0.127835 0.519468 0.036418 0.683439 0.112187 0.999235 1.000000
0.017028 0.006636 0.171192 0.381708 0.008362 0.267149 0.185600 0.186934 0.337405 0.056756 0.494657 -0.065582 0.669746 -0.021172 0.992262 1.000000
0.017224 0.006584 0.138089 0.383772 0.025965 0.256678 0.189084 0.150671 0.319527 -0.000895 0.456539 -0.145533 0.636322 -0.128015 0.996696 1.000000
0.017256 0.007113 0.106091 0.375551 0.033923 0.244882 0.183325 0.120295 0.294882 -0.045658 0.413781 -0.205509 0.594373 -0.209416 0.992174 1.000000
0.017189 0.008175 0.075171 0.358689 0.033313 0.232669 0.171259 0.095511 0.267890 -0.079551 0.372368 -0.249176 0.551928 -0.268839 0.990872 1.000000
0.017147 0.009455 0.044435 0.339593 0.025044 0.220291 0.154979 0.075518 0.241514 -0.104753 0.336192 -0.280041 0.514345 -0.309868 0.993086 1.000000
0.017145 0.010746 0.012625 0.321795 0.135893 0.059539 0.217815 -0.122885 0.308005 -0.300534 0.485342 -0.334884 0.618433 -0.191004 1.000403 1.000000
0.017079 0.012054 -0.020335 0.304372 0.115066 0.046606 0.198274 -0.135245 0.289716 -0.312263 0.467292 -0.345365 0.599363 -0.200543 1.000537 1.000000
0.016661 0.013757 -0.052862 0.280296 0.093620 0.035101 0.184031 -0.143282 0.282476 -0.316508 0.461233 -0.342486 0.587410 -0.192498 0.992223 1.000000
0.015757 0.015945 -0.083833 0.248117 0.072859 0.022961 0.175794 -0.148501 0.286374 -0.314244 0.466531 -0.327376 0.581660 -0.168753 0.999521 1.000000
0.014206 0.018590 -0.113256 0.207699 0.054390 0.008355 0.174191 -0.151779 0.301017 -0.305447 0.481576 -0.300236 0.580017 -0.130755 0.998107 1.000000
0.012000 0.021402 -0.140742 0.162666 0.040246 -0.009932 0.179785 -0.153197 0.325452 -0.289141 0.503814 -0.260585 0.579467 -0.079782 0.996934 1.000000
0.008865 0.024214 -0.165918 0.111713 0.032863 -0.032098 0.192974 -0.151938 0.358001 -0.263595 0.529758 -0.207670 0.576388 -0.017308 0.990847 1.000000
0.005019 0.026606 -0.188364 0.059350 0.034791 -0.057029 0.213739 -0.146340 0.396061 -0.226722 0.555061 -0.141016 0.566927 0.054613 0.998007 1.000000
0.000352 0.028317 -0.207598 0.003953 0.048169 -0.082164 0.241304 -0.134115 0.435969 -0.176644 0.574749 -0.061038 0.547473 0.133044 0.997013 1.000000
-0.004811 0.029007 -0.223227 0.052317 0.074043 -0.103652 0.273835 -0.112757 0.473091 -0.112331 0.583683 0.030469 0.515208 0.214109 0.996634 1.000000
-0.010186 0.028423 -0.235291 0.109537 0.111769 -0.116853 0.308347 -0.080035 0.502223 -0.034060 0.577223 0.130243 0.468561 0.293362 0.998685 1.000000
-0.015327 0.026462 -0.244274 0.167106 0.158742 -0.117118 0.340855 -0.034471 0.518160 0.056423 0.551790 0.233873 0.407346 0.366364 0.993184 1.000000
-0.019880 0.023151 -0.250906 0.225849 0.210499 -0.100616 0.366694 0.024268 0.516199 0.155964 0.505157 0.336237 0.332568 0.429151 0.995958 1.000000
-0.023513 0.018653 -0.255917 0.286526 0.261137 -0.065101 0.380944 0.095013 0.492565 0.260040 0.436586 0.431763 0.246191 0.478349 0.988919 1.000000
-0.025905 0.013290 -0.260657 0.349115 0.303954 -0.010113 0.378788 0.175328 0.444452 0.363425 0.346386 0.515109 0.150411 0.511425 0.990550 1.000000
-0.026850 0.009303 -0.263270 0.393834 0.322974 0.031558 0.367802 0.226440 0.403156 0.422507 0.282517 0.556941 0.089547 0.522579 0.992431 1.000000
0.000142 0.001672 -0.013390 0.026873 -0.001243 0.198607 -0.002612 0.398590 -0.009207 0.597998 -0.108974 0.761465 -0.303959 0.790586 0.997915 0.861538
0.000587 0.003601 -0.029948 0.051444 -0.006029 0.194977 -0.011966 0.394848 -0.023115 0.594026 -0.126590 0.755152 -0.322189 0.779815 0.995938 0.861538
0.000942 0.005659 -0.048142 0.052494 -0.014699 0.188816 -0.029056 0.388261 -0.048592 0.586794 -0.158766 0.743417 -0.355232 0.759813 0.992171 0.169231
-0.000057 0.008533 -0.013125 0.002127 -0.020435 0.179344 -0.040866 0.378253 -0.066444 0.576092 -0.181341 0.729269 -0.378213 0.739647 0.996641 -0.006612
-0.000261 0.011209 -0.001625 0.007409 -0.020779 0.167149 -0.041844 0.365993 -0.068053 0.563751 -0.183439 0.716575 -0.380345 0.726353 0.997630 -0.000376
-0.000240 0.013888 -0.004831 0.005509 -0.021048 0.151692 -0.042910 0.350453 -0.069912 0.548107 -0.185910 0.700464 -0.382854 0.709443 0.998046 -0.001453
-0.000287 0.016514 -0.004040 0.005538 -0.021301 0.133053 -0.044005 0.331723 -0.071845 0.529264 -0.188488 0.681133 -0.385468 0.689280 0.998688 -0.001225
-0.000734 0.019028 0.013206 0.012272 -0.020678 0.111409 -0.043220 0.310097 -0.070900 0.507659 -0.187418 0.659616 -0.384391 0.667912 0.993537 -0.693533
-0.001064 0.020877 0.058248 0.016212 -0.015974 0.087965 -0.030538 0.287398 -0.050280 0.485913 -0.160617 0.642416 -0.357099 0.658594 0.998790 -0.001225
0.000725 0.023562 0.032127 0.009786 -0.012479 0.061728 -0.016667 0.261645 -0.026073 0.460914 -0.128132 0.622949 -0.323506 0.649339 0.999114 0.012824
0.001393 0.026171 0.014748 0.016929 -0.013118 0.031831 -0.013695 0.231784 -0.019500 0.431183 -0.118617 0.595011 -0.313486 0.624887 0.990480 0.004416
0.001632 0.028793 0.022449 0.018026 -0.011617 0.198734 -0.013563 0.398212 -0.109493 0.563934 -0.303747 0.597585 -0.497173 0.550033 0.991845 0.006448
0.002106 0.031369 0.025941 0.021341 -0.009694 0.162596 -0.006717 0.362065 -0.098528 0.530105 -0.291892 0.568535 -0.486432 0.525765 0.997054 0.007707
0.002706 0.033878 0.031096 0.025375 -0.008832 0.123411 -0.000100 0.322711 -0.087023 0.493329 -0.279197 0.537321 -0.474891 0.500181 0.997134 0.009129
0.003483 0.036400 0.037870 0.030369 -0.009421 0.081248 0.006284 0.280118 -0.074611 0.453670 -0.265127 0.504359 -0.462001 0.474091 0.992892 0.011093
0.004495 0.038884 0.047172 0.036636 -0.012250 0.036231 0.012033 0.234235 -0.061288 0.411117 -0.249436 0.469984 -0.447434 0.448244 0.992694 0.013751
0.005652 0.041187 0.070758 0.043409 0.017216 0.185026 -0.045760 0.365844 -0.230190 0.435472 -0.429111 0.425195 -0.621496 0.370538 0.991458 -0.678557
0.007906 0.042480 0.106130 0.058574 0.022641 0.132709 -0.023223 0.318609 -0.200368 0.405104 -0.399381 0.413390 -0.596018 0.376877 0.988547 -1.000000
0.011462 0.042698 0.123478 0.083483 0.021732 0.078879 -0.002020 0.268886 -0.167801 0.375556 -0.364469 0.407112 -0.564030 0.393897 0.996689 -1.000000
0.015507 0.041951 0.135572 0.112699 0.010457 0.025967 0.011712 0.217456 -0.138725 0.344852 -0.329589 0.401806 -0.529166 0.414747 0.979498 -1.000000
0.019604 0.040390 0.143229 0.143833 0.015549 0.166204 -0.115533 0.313434 -0.296522 0.396586 -0.492310 0.437380 -0.691751 0.440535 0.875228 -1.000000
0.023177 0.038029 0.140468 0.174228 0.008063 0.117637 -0.100721 0.282023 -0.268024 0.390085 -0.456007 0.458328 -0.652963 0.489833 0.704643 -1.000000
0.025325 0.034897 0.118733 0.199826 -0.010437 0.074331 -0.097172 0.251345 -0.249183 0.380023 -0.426821 0.471869 -0.618084 0.528436 0.524696 -1.000000
0.025688 0.031433 0.085101 0.218092 -0.036734 0.037309 -0.105583 0.222027 -0.244157 0.365082 -0.411865 0.474012 -0.596612 0.549176 0.382786 -1.000000
0.024658 0.028231 0.052872 0.228530 -0.122807 0.194171 -0.251738 0.345985 -0.411971 0.465649 -0.591411 0.552733 -0.782760 0.607581 0.291360 -1.000000
0.022700 0.025534 0.023758 0.231314 -0.144998 0.167020 -0.268482 0.323302 -0.424384 0.448562 -0.600634 0.541940 -0.789925 0.603523 0.230062 -1.000000
0.019934 0.023338 -0.002057 0.225011 -0.169261 0.139114 -0.291626 0.296274 -0.446631 0.422644 -0.622210 0.517279 -0.811055 0.580213 0.188482 -0.307692
0.016108 0.022114 0.000919 0.200387 -0.190701 0.111675 -0.313413 0.268555 -0.468694 0.394570 -0.644477 0.488803 -0.833456 0.551306 0.158803 -0.000363
0.012115 0.021477 0.002570 0.163491 -0.206883 0.086114 -0.329097 0.243374 -0.483979 0.369873 -0.659464 0.464655 -0.848245 0.527749 0.139957 -0.692671
0.008461 0.019765 -0.009887 0.128749 -0.218945 0.060775 -0.341705 0.217622 -0.497026 0.343596 -0.672841 0.437783 -0.861843 0.500235 0.128743 -1.000000
0.005332 0.017338 -0.030372 0.094976 -0.227697 0.033677 -0.354058 0.187651 -0.512257 0.310007 -0.690210 0.400110 -0.880612 0.458183 0.122373 -1.000000
0.002370 0.014773 -0.039970 0.050632 -0.232279 0.006299 -0.364180 0.155554 -0.526744 0.272050 -0.707870 0.355594 -0.900267 0.406674 0.122170 -1.000000
0.000650 0.012177 -0.017487 0.016963 -0.233443 -0.016227 -0.369606 0.129153 -0.535473 0.240901 -0.718942 0.319174 -0.912739 0.364671 0.111493 -1.000000
-0.000295 0.009963 0.011801 0.009416 -0.233539 -0.029005 -0.369557 0.116509 -0.535312 0.228422 -0.718703 0.306876 -0.912454 0.352565 0.091513 -1.000000
-0.001095 0.007904 0.033229 0.043835 -0.233666 -0.033677 -0.366020 0.115178 -0.528938 0.231181 -0.710319 0.314176 -0.902873 0.364673 0.072224 -1.000000
-0.001825 0.005917 0.053620 0.095240 -0.233778 -0.031086 -0.359218 0.123639 -0.516686 0.246938 -0.694101 0.338104 -0.884156 0.397314 0.053477 -1.000000
-0.002391 0.004290 0.063745 0.161871 -0.233443 -0.022460 -0.349060 0.139736 -0.498590 0.272551 -0.670018 0.374529 -0.856042 0.445396 0.039137 -1.000000
-0.002393 0.003360 0.058786 0.196955 -0.232255 -0.012709 -0.337761 0.156239 -0.478909 0.297929 -0.643797 0.410177 -0.825151 0.492263 0.030808 -1.000000
-0.002150 0.002673 0.051462 0.215608 -0.230541 -0.003623 -0.326679 0.170825 -0.459893 0.319999 -0.618416 0.441069 -0.795025 0.532918 0.024457 -1.000000
-0.001852 0.002410 0.043938 0.208557 -0.228636 0.004124 -0.316535 0.182864 -0.442647 0.338087 -0.595352 0.466416 -0.767485 0.566400 0.023288 -1.000000
-0.001663 0.002568 0.039969 0.182917 -0.226660 0.010518 -0.307092 0.192736 -0.426679 0.353036 -0.573946 0.487566 -0.741798 0.594579 0.024804 -1.000000
-0.001605 0.003017 0.038670 0.155631 -0.224581 0.015909 -0.297861 0.201115 -0.411119 0.365945 -0.553039 0.506101 -0.716599 0.619564 0.029318 -1.000000
-0.001649 0.003773 0.041442 0.131151 -0.288121 0.208639 -0.394708 0.377856 -0.530920 0.523562 -0.689820 0.643461 -0.878486 0.699312 0.046021 -1.000000
-0.001879 0.004873 0.053947 0.117146 -0.276264 0.216883 -0.374620 0.391007 -0.503693 0.543067 -0.656666 0.670436 -0.842439 0.735258 0.077338 -1.000000
-0.002230 0.006205 0.070448 0.109821 -0.260271 0.227076 -0.347376 0.407085 -0.466538 0.567024 -0.611118 0.703839 -0.792402 0.780315 0.125292 -1.000000
-0.002457 0.007612 0.088230 0.099393 -0.239302 0.238891 -0.311525 0.425368 -0.417327 0.594440 -0.550337 0.742523 -0.724824 0.833442 0.173587 -1.000000
-0.002488 0.009033 0.105131 0.085555 -0.213151 0.251011 -0.266694 0.443684 -0.355363 0.622336 -0.473172 0.782775 -0.637876 0.890402 0.224062 -1.000000
-0.002280 0.010440 0.120908 0.068438 -0.181992 0.261823 -0.213130 0.459359 -0.280768 0.646985 -0.379440 0.819852 -0.530741 0.945620 0.276236 -1.000000
-0.001816 0.011818 0.135483 0.048541 -0.146337 0.269597 -0.151652 0.469501 -0.194442 0.664302 -0.269914 0.848481 -0.403669 0.992766 0.328985 -1.000000
-0.001073 0.013140 0.148761 0.025931 -0.107120 0.272635 -0.083778 0.471245 -0.098255 0.670162 -0.146598 0.863244 -0.258331 1.025178 0.381642 -1.000000
-0.000130 0.014400 0.164049 0.002878 -0.065482 0.269484 -0.011391 0.462008 0.005394 0.660745 -0.012182 0.859008 -0.097237 1.036409 0.434616 -0.307692
0.002219 0.016914 0.123512 0.041516 -0.029576 0.257314 0.052093 0.439836 0.097765 0.633963 0.109376 0.832649 0.051184 1.020575 0.476331 0.384615
0.004301 0.018848 0.062478 0.071416 -0.013433 0.237307 0.083493 0.412212 0.145541 0.601744 0.174040 0.798717 0.132072 0.990909 0.519765 1.000000
0.005258 0.020130 0.023514 0.081327 -0.011202 0.214237 0.092220 0.385398 0.161339 0.572484 0.197211 0.768266 0.162486 0.961914 0.565381 1.000000
0.005618 0.021115 -0.009141 0.082778 -0.017033 0.189463 0.087043 0.360235 0.156877 0.547064 0.193498 0.742717 0.159513 0.936506 0.621053 1.000000
0.005420 0.022217 -0.039484 0.076162 -0.028199 0.162708 0.071128 0.336284 0.135783 0.524967 0.166994 0.721555 0.127678 0.914334 0.676903 1.000000
0.004613 0.023575 -0.067047 0.061507 -0.041870 0.133064 0.047543 0.311944 0.101489 0.503959 0.121600 0.701986 0.071510 0.892246 0.728595 1.000000
0.003279 0.025107 -0.094185 0.041344 -0.055207 0.099610 0.019115 0.285262 0.057007 0.481075 0.060683 0.680083 -0.004960 0.865552 0.777571 0.307692
0.000616 0.027517 -0.098204 0.007128 -0.065097 0.061298 -0.011117 0.253843 0.005553 0.452580 -0.012139 0.650823 -0.097297 0.828165 0.821103 -0.033066
-0.002242 0.030073 -0.043937 0.023688 -0.024144 0.217704 -0.020186 0.417084 -0.050487 0.613780 -0.146785 0.785318 -0.333546 0.847166 0.862842 -0.015720
-0.003235 0.032782 -0.036297 0.031309 -0.027495 0.178721 -0.030720 0.378114 -0.068086 0.573595 -0.170500 0.741565 -0.359368 0.796670 0.894909 -0.010641
-0.004049 0.035275 -0.045498 0.036378 -0.029172 0.136418 -0.040741 0.335507 -0.086257 0.529258 -0.195612 0.692799 -0.386621 0.739949 0.934212 -0.013345
-0.005211 0.037630 -0.056482 0.043798 -0.028822 0.090882 -0.050665 0.289109 -0.106135 0.480253 -0.223797 0.637929 -0.416987 0.675152 0.975949 -0.016443
-0.007273 0.039803 -0.045283 0.057529 -0.024544 0.042557 -0.057758 0.239196 -0.124135 0.426826 -0.250675 0.577462 -0.445687 0.603496 0.993530 -0.708751
-0.008674 0.041556 0.008635 0.065498 -0.050613 0.189441 -0.119374 0.376220 -0.247821 0.525241 -0.443149 0.548792 -0.639247 0.509484 0.994531 -0.016443
-0.007801 0.044065 0.020862 0.055772 -0.038472 0.138475 -0.104205 0.326346 -0.230226 0.477433 -0.425147 0.504154 -0.621855 0.468038 0.994766 -0.708751
-0.006549 0.046179 0.064937 0.044844 -0.025056 0.085477 -0.081761 0.276259 -0.200441 0.433163 -0.393867 0.469115 -0.592072 0.442384 0.994182 -1.000000
-0.003312 0.047940 0.095013 0.021953 -0.015599 0.030445 -0.056067 0.225329 -0.161137 0.391666 -0.350857 0.443759 -0.550608 0.433791 0.969765 -1.000000
0.001039 0.049166 0.117249 0.006728 -0.034801 0.171712 -0.121216 0.348458 -0.304169 0.420803 -0.503822 0.432539 -0.703478 0.444274 0.859593 -1.000000
0.005930 0.049736 0.130037 0.037774 -0.022843 0.115749 -0.086307 0.301968 -0.258688 0.396774 -0.455271 0.433556 -0.651857 0.470337 0.679863 -1.000000
0.009860 0.049096 0.115168 0.063086 -0.023361 0.059137 -0.063279 0.251778 -0.222591 0.367181 -0.413101 0.427997 -0.603613 0.488815 0.529464 -1.000000
0.011401 0.046979 0.077606 0.075782 -0.056294 0.199888 -0.204190 0.329604 -0.388221 0.407867 -0.572254 0.486130 -0.749899 0.576004 0.457514 -1.000000
0.011029 0.044438 0.043581 0.077437 -0.060528 0.148719 -0.200873 0.286586 -0.380197 0.375120 -0.559522 0.463654 -0.731816 0.563420 0.415945 -1.000000
0.009400 0.042112 0.015633 0.069902 -0.069604 0.098847 -0.206239 0.240398 -0.383149 0.333667 -0.560061 0.426937 -0.729646 0.531248 0.387495 -1.000000
0.006676 0.040032 -0.011406 0.052598 -0.078962 0.049763 -0.215680 0.191233 -0.392645 0.284399 -0.569612 0.377565 -0.739258 0.481777 0.367012 -1.000000
0.002885 0.038055 -0.036762 0.024084 -0.084622 0.000910 -0.225084 0.138662 -0.404483 0.227048 -0.583885 0.315434 -0.756264 0.415058 0.353024 -1.000000
0.000404 0.035979 -0.016755 0.003572 -0.229802 0.087666 -0.411793 0.170607 -0.593785 0.253548 -0.769097 0.347934 -0.863213 0.515008 0.335378 -1.000000
-0.000333 0.034044 0.015898 0.003111 -0.229440 0.047020 -0.411036 0.130820 -0.592633 0.214620 -0.767496 0.309833 -0.860820 0.477351 0.317364 -1.000000
-0.000778 0.032270 0.029842 0.007669 -0.228274 0.013165 -0.407710 0.101493 -0.587147 0.189821 -0.759566 0.289389 -0.848658 0.459194 0.301250 -1.000000
-0.001120 0.030537 0.040048 0.011667 -0.227556 -0.016122 -0.403690 0.078615 -0.579827 0.173353 -0.748543 0.279070 -0.831456 0.451975 0.284736 -1.000000
-0.001350 0.028859 0.047437 0.014882 -0.227825 -0.041372 -0.399545 0.061148 -0.571266 0.163669 -0.735085 0.276827 -0.810179 0.453267 0.268957 -1.000000
-0.001526 0.027267 0.052739 0.017801 -0.229289 -0.063259 -0.395591 0.047834 -0.561895 0.158929 -0.719766 0.280246 -0.785819 0.460267 0.254044 -1.000000
-0.001661 0.025750 0.056819 0.020504 -0.231982 -0.082135 -0.391891 0.037978 -0.551802 0.158091 -0.702729 0.287945 -0.758736 0.471341 0.239909 -1.000000
-0.001794 0.024295 0.060167 0.023467 -0.235840 -0.098222 -0.388408 0.031088 -0.540977 0.160400 -0.684004 0.298907 -0.729126 0.485279 0.226325 -1.000000
-0.001923 0.022898 0.063385 0.026663 -0.240780 -0.111572 -0.385028 0.026958 -0.529277 0.165489 -0.663433 0.312605 -0.696901 0.501418 0.213266 -1.000000
-0.002055 0.021565 0.066512 0.030239 -0.381617 0.025462 -0.516524 0.173106 -0.640798 0.328660 -0.661879 0.519254 -0.550792 0.682530 0.200812 -1.000000
-0.002174 0.020299 0.069575 0.033955 -0.378023 0.026463 -0.502530 0.182976 -0.615889 0.346655 -0.623904 0.538243 -0.501924 0.693552 0.188984 -1.000000
-0.002301 0.019097 0.072612 0.038177 -0.374075 0.029823 -0.487099 0.194820 -0.588493 0.366168 -0.582820 0.557841 -0.450072 0.704052 0.177762 -1.000000
-0.002423 0.017958 0.075686 0.042694 -0.369586 0.035416 -0.470023 0.208363 -0.558391 0.386779 -0.538476 0.577499 -0.395220 0.713431 0.167125 -1.000000
-0.002551 0.016880 0.078835 0.047746 -0.364355 0.043115 -0.451089 0.223325 -0.525364 0.408052 -0.490730 0.596656 -0.337372 0.721078 0.157063 -1.000000
-0.002684 0.015864 0.082072 0.053355 -0.358170 0.052778 -0.430081 0.239399 -0.489210 0.429516 -0.439472 0.614711 -0.276575 0.726354 0.147575 -1.000000
-0.002821 0.014908 0.085403 0.059524 -0.350810 0.064239 -0.406797 0.256238 -0.449754 0.450649 -0.384641 0.631014 -0.212945 0.728586 0.138655 -1.000000
-0.002887 0.014196 0.088140 0.063875 -0.343922 0.074570 -0.386404 0.270003 -0.415719 0.466933 -0.338205 0.642326 -0.160133 0.727706 0.131922 -1.000000
