0.000061 -0.000006 0.000062 -0.086396 0.694176 0.069981 0.467128 0.316162 0.254326 0.323552 0.136037 0.175433 0.087060 -0.027951 0.000000 0.530400
-0.000059 0.000026 0.000278 2.252207 0.694182 0.069951 0.467146 0.316144 0.254345 0.323544 0.136048 0.175431 0.087062 -0.027951 0.000000 0.500113
-0.000004 -0.000016 0.000063 -1.499521 0.694182 0.069965 0.467142 0.316154 0.254340 0.323551 0.136047 0.175436 0.087063 -0.027946 0.000000 0.500505
-0.000025 0.000044 -0.000400 1.719230 0.694186 0.069942 0.467153 0.316137 0.254351 0.323540 0.136053 0.175428 0.087064 -0.027953 0.000000 0.500115
-0.000078 0.000062 -0.000668 2.043968 0.694178 0.069960 0.467138 0.316149 0.254336 0.323545 0.136042 0.175430 0.087059 -0.027952 0.000000 0.499272
-0.000003 -0.000014 0.000039 -1.462938 0.694186 0.069925 0.467157 0.316124 0.254355 0.323530 0.136055 0.175420 0.087063 -0.027960 0.000000 0.498785
-0.000039 -0.000013 0.000939 -2.341141 0.694176 0.069993 0.467123 0.316170 0.254320 0.323555 0.136035 0.175433 0.087063 -0.027951 0.000000 0.500072
-0.000028 0.000068 -0.000195 1.620617 0.694178 0.069958 0.467138 0.316148 0.254336 0.323544 0.136042 0.175429 0.087059 -0.027953 0.000000 0.500388
-0.000013 0.000040 -0.000473 1.548944 0.694177 0.069987 0.467127 0.316167 0.254325 0.323555 0.136037 0.175435 0.087062 -0.027949 0.000000 0.500113
0.000019 0.000045 -0.000258 0.967786 0.694182 0.069965 0.467139 0.316151 0.254337 0.323546 0.136045 0.175429 0.087064 -0.027953 0.000000 0.501446
0.000041 0.000057 -0.000453 0.782285 0.694177 0.069983 0.467128 0.316163 0.254325 0.323551 0.136037 0.175431 0.087062 -0.027953 0.000000 0.499531
-0.000002 0.000003 0.000186 1.753471 0.694180 0.069979 0.467132 0.316161 0.254330 0.323550 0.136041 0.175431 0.087064 -0.027952 0.000000 0.499177
-0.000032 0.000047 -0.000672 1.793749 0.694171 0.070026 0.467107 0.316193 0.254305 0.323569 0.136025 0.175443 0.087061 -0.027944 0.000000 0.498797
0.000015 -0.000034 -0.000230 -0.954852 0.694187 0.069957 0.467145 0.316145 0.254343 0.323540 0.136050 0.175424 0.087068 -0.027958 0.000000 0.500746
0.000010 -0.000026 0.000099 -1.002014 0.694179 0.069975 0.467133 0.316159 0.254331 0.323550 0.136041 0.175432 0.087062 -0.027951 0.000000 0.499582
0.000010 -0.000001 0.000329 -0.094058 0.694185 0.069929 0.467154 0.316127 0.254352 0.323531 0.136053 0.175421 0.087062 -0.027959 0.000000 0.500181
-0.000036 -0.000015 -0.000746 -2.272483 0.694182 0.069936 0.467149 0.316132 0.254348 0.323535 0.136049 0.175423 0.087060 -0.027957 0.000000 0.499341
0.000007 -0.000012 0.000054 -0.851598 0.694180 0.069961 0.467139 0.316149 0.254337 0.323544 0.136044 0.175429 0.087062 -0.027954 0.000000 0.499341
-0.000001 -0.000021 0.000371 -1.333565 0.694176 0.069975 0.467131 0.316159 0.254328 0.323551 0.136038 0.175434 0.087059 -0.027949 0.000000 0.500097
0.000021 -0.000033 0.000680 -0.824929 0.694178 0.069992 0.467126 0.316170 0.254323 0.323556 0.136037 0.175435 0.087064 -0.027949 0.000000 0.499903
-0.000021 -0.000015 0.000330 -2.088523 0.694183 0.069960 0.467141 0.316148 0.254339 0.323544 0.136046 0.175428 0.087064 -0.027954 0.000000 0.500568
-0.000018 0.000013 0.000019 2.071895 0.694181 0.069974 0.467134 0.316157 0.254332 0.323547 0.136042 0.175429 0.087064 -0.027954 0.000000 0.499679
-0.000023 0.000015 0.000121 2.138092 0.694179 0.069978 0.467131 0.316161 0.254329 0.323551 0.136040 0.175432 0.087063 -0.027952 0.000000 0.500035
-0.000018 0.000002 -0.000285 2.523591 0.694179 0.069979 0.467131 0.316161 0.254329 0.323550 0.136040 0.175431 0.087063 -0.027953 0.000000 0.500220
-0.000004 0.000026 0.000124 1.427082 0.694178 0.070008 0.467119 0.316180 0.254316 0.323560 0.136034 0.175436 0.087066 -0.027950 0.000000 0.500186
-0.000027 -0.000010 0.000150 -2.303257 0.694184 0.069953 0.467145 0.316144 0.254343 0.323542 0.136049 0.175428 0.087064 -0.027954 0.000000 0.500225
-0.000002 -0.000042 0.000138 -1.348880 0.694179 0.069990 0.467128 0.316169 0.254325 0.323556 0.136039 0.175435 0.087065 -0.027949 0.000000 0.500384
0.000014 -0.000017 0.000642 -0.739932 0.694173 0.070022 0.467111 0.316192 0.254309 0.323569 0.136028 0.175444 0.087062 -0.027943 0.000000 0.500252
-0.000051 0.000023 -0.000226 2.256877 0.694186 0.069947 0.467150 0.316139 0.254348 0.323539 0.136052 0.175425 0.087066 -0.027956 0.000000 0.501168
-0.000022 -0.000017 0.000011 -2.043992 0.694185 0.069948 0.467147 0.316139 0.254345 0.323537 0.136050 0.175423 0.087065 -0.027959 0.000000 0.499304
0.000012 0.000026 0.000132 0.929531 0.694182 0.069968 0.467137 0.316153 0.254335 0.323545 0.136044 0.175428 0.087064 -0.027955 0.000000 0.500019
-0.000008 0.000036 -0.000686 1.493200 0.694178 0.069993 0.467125 0.316171 0.254323 0.323556 0.136037 0.175434 0.087064 -0.027950 0.000000 0.499849
-0.000020 0.000047 -0.000287 1.627170 0.694186 0.069955 0.467146 0.316145 0.254344 0.323541 0.136050 0.175427 0.087066 -0.027956 0.000000 0.499589
-0.000036 0.000005 -0.000474 2.485706 0.694178 0.070004 0.467122 0.316178 0.254319 0.323560 0.136035 0.175438 0.087065 -0.027948 0.000000 0.499477
0.000052 -0.000050 0.000216 -0.631202 0.694188 0.069955 0.467147 0.316144 0.254345 0.323539 0.136052 0.175423 0.087069 -0.027959 0.000000 0.499138
0.000009 -0.000012 -0.000527 -0.767838 0.694185 0.069976 0.467136 0.316157 0.254334 0.323547 0.136046 0.175427 0.087069 -0.027956 0.000000 0.500392
0.000042 -0.000041 0.000853 -0.641495 0.694195 0.069891 0.467177 0.316100 0.254375 0.323515 0.136068 0.175410 0.087067 -0.027968 0.000000 0.500825
-0.000034 0.000057 -0.001155 1.752767 0.694185 0.069968 0.467140 0.316153 0.254338 0.323545 0.136047 0.175428 0.087068 -0.027955 0.000000 0.500106
-0.000029 0.000043 0.000209 1.792817 0.694180 0.069970 0.467135 0.316155 0.254332 0.323546 0.136042 0.175428 0.087063 -0.027955 0.000000 0.497899
-0.000029 0.000003 0.000095 2.517076 0.694184 0.069958 0.467143 0.316147 0.254341 0.323542 0.136048 0.175427 0.087065 -0.027955 0.000000 0.499809
-0.000015 -0.000008 0.000059 -2.196585 0.694189 0.069948 0.467153 0.316141 0.254351 0.323542 0.136055 0.175429 0.087068 -0.027952 0.000000 0.501489
-0.000025 0.000012 0.000381 2.241000 0.694188 0.069935 0.467158 0.316133 0.254356 0.323537 0.136057 0.175427 0.087066 -0.027954 0.000000 0.500538
-0.000001 0.000069 0.000010 1.311967 0.694189 0.069917 0.467162 0.316118 0.254360 0.323526 0.136059 0.175417 0.087065 -0.027962 0.000000 0.500695
-0.000056 0.000056 -0.000604 1.943502 0.694177 0.070001 0.467122 0.316177 0.254320 0.323561 0.136035 0.175439 0.087063 -0.027946 0.000000 0.499664
-0.000003 0.000003 -0.000256 1.889657 0.694181 0.069972 0.467135 0.316157 0.254333 0.323548 0.136043 0.175431 0.087064 -0.027952 0.000000 0.500404
-0.000013 -0.000037 0.000352 -1.571820 0.694183 0.069984 0.467131 0.316163 0.254329 0.323549 0.136042 0.175429 0.087068 -0.027955 0.000000 0.500468
-0.000039 -0.000024 0.000253 -2.140223 0.694190 0.069921 0.467162 0.316121 0.254360 0.323528 0.136059 0.175418 0.087067 -0.027962 0.000000 0.499867
-0.000023 0.000020 0.000464 2.024924 0.694184 0.069953 0.467145 0.316143 0.254343 0.323541 0.136048 0.175426 0.087064 -0.027956 0.000000 0.500460
0.000013 -0.000020 0.000191 -0.805345 0.694184 0.069962 0.467141 0.316148 0.254339 0.323542 0.136047 0.175426 0.087067 -0.027957 0.000000 0.499507
-0.000027 0.000012 0.000367 2.256649 0.694183 0.069960 0.467141 0.316148 0.254339 0.323543 0.136046 0.175427 0.087064 -0.027955 0.000000 0.500347
0.000015 -0.000013 0.000470 -0.584619 0.694189 0.069959 0.467147 0.316146 0.254345 0.323541 0.136052 0.175425 0.087070 -0.027957 0.000000 0.499540
-0.000035 0.000076 -0.000099 1.656213 0.694184 0.069949 0.467147 0.316141 0.254345 0.323539 0.136049 0.175426 0.087064 -0.027956 0.000000 0.500067
0.000024 0.000000 -0.000606 0.004932 0.694184 0.069949 0.467147 0.316141 0.254345 0.323540 0.136050 0.175427 0.087064 -0.027955 0.000000 0.499819
0.000037 0.000020 -0.000327 0.414056 0.694187 0.069940 0.467152 0.316133 0.254350 0.323534 0.136054 0.175421 0.087066 -0.027960 0.000000 0.498898
-0.000001 0.000014 -0.000213 1.350106 0.694180 0.069984 0.467129 0.316163 0.254327 0.323550 0.136040 0.175430 0.087065 -0.027954 0.000000 0.500644
0.000027 -0.000049 0.000300 -0.875072 0.694187 0.069952 0.467148 0.316143 0.254346 0.323540 0.136051 0.175426 0.087067 -0.027956 0.000000 0.500706
0.000075 -0.000015 -0.000306 -0.160440 0.694182 0.069986 0.467129 0.316163 0.254326 0.323549 0.136040 0.175428 0.087068 -0.027957 0.000000 0.499157
0.000006 -0.000039 0.000227 -1.164893 0.694180 0.069993 0.467125 0.316169 0.254323 0.323552 0.136038 0.175430 0.087067 -0.027955 0.000000 0.498927
-0.000005 0.000005 -0.000141 1.944515 0.694179 0.070004 0.467119 0.316175 0.254317 0.323554 0.136035 0.175429 0.087068 -0.027957 0.000000 0.500412
0.000024 -0.000036 0.000061 -0.804788 0.694181 0.069968 0.467137 0.316154 0.254335 0.323547 0.136043 0.175430 0.087063 -0.027952 0.000000 0.500398
-0.000011 -0.000024 0.000084 -1.642694 0.694185 0.069964 0.467143 0.316151 0.254341 0.323546 0.136048 0.175430 0.087067 -0.027953 0.000000 0.500328
-0.000027 0.000019 -0.000873 2.080866 0.694186 0.069930 0.467154 0.316127 0.254353 0.323531 0.136054 0.175420 0.087064 -0.027961 0.000000 0.498978
0.000030 0.000016 0.000128 0.408774 0.694183 0.069964 0.467139 0.316150 0.254337 0.323543 0.136046 0.175426 0.087066 -0.027957 0.000000 0.498412
-0.000027 0.000019 -0.000853 2.104039 0.694184 0.069935 0.467151 0.316131 0.254350 0.323533 0.136052 0.175421 0.087062 -0.027959 0.000000 0.500233
-0.000034 -0.000018 0.000399 -2.191310 0.694189 0.069925 0.467160 0.316126 0.254359 0.323532 0.136058 0.175423 0.087065 -0.027957 0.000000 0.500616
0.000027 -0.000028 0.000213 -0.657879 0.694184 0.069952 0.467145 0.316142 0.254343 0.323540 0.136049 0.175425 0.087064 -0.027957 0.000000 0.499395
0.000039 -0.000039 0.000043 -0.652158 0.694181 0.069967 0.467137 0.316154 0.254335 0.323547 0.136044 0.175430 0.087063 -0.027953 0.000000 0.498369
-0.000006 -0.000006 -0.000033 -1.956198 0.694187 0.069940 0.467152 0.316134 0.254351 0.323535 0.136054 0.175423 0.087066 -0.027959 0.000000 0.499952
0.000067 -0.000003 -0.000320 -0.042806 0.694188 0.069942 0.467152 0.316135 0.254350 0.323535 0.136054 0.175422 0.087068 -0.027960 0.000000 0.500466
0.000007 0.000052 -0.000930 1.196069 0.694175 0.070002 0.467119 0.316178 0.254317 0.323561 0.136032 0.175438 0.087062 -0.027947 0.000000 0.499419
0.000013 -0.000020 -0.000693 -0.825951 0.694186 0.069940 0.467151 0.316133 0.254349 0.323534 0.136052 0.175421 0.087065 -0.027960 0.000000 0.499823
0.000039 0.000017 -0.000654 0.335272 0.694198 0.069891 0.467179 0.316099 0.254377 0.323513 0.136071 0.175408 0.087071 -0.027970 0.000000 0.500047
-0.000000 -0.000005 -0.000581 -1.342681 0.694177 0.070031 0.467107 0.316193 0.254304 0.323564 0.136028 0.175435 0.087070 -0.027953 0.000000 0.499827
-0.000026 -0.000006 0.000281 -2.412171 0.694187 0.069953 0.467147 0.316141 0.254345 0.323537 0.136051 0.175422 0.087068 -0.027961 0.000000 0.499846
0.000011 -0.000045 0.000330 -1.094499 0.694188 0.069957 0.467145 0.316144 0.254343 0.323538 0.136051 0.175421 0.087070 -0.027961 0.000000 0.499872
0.000034 0.000006 -0.000025 0.132808 0.694181 0.069970 0.467134 0.316153 0.254331 0.323543 0.136042 0.175424 0.087065 -0.027959 0.000000 0.500601
0.000018 0.000016 -0.001324 0.611415 0.694178 0.069989 0.467124 0.316166 0.254322 0.323551 0.136036 0.175429 0.087064 -0.027956 0.000000 0.499955
-0.000034 0.000022 -0.000175 2.121528 0.694182 0.069989 0.467130 0.316168 0.254327 0.323554 0.136041 0.175433 0.087067 -0.027951 0.000000 0.497592
0.000002 0.000016 -0.000122 1.194209 0.694179 0.069981 0.467128 0.316161 0.254325 0.323548 0.136038 0.175427 0.087064 -0.027957 0.000000 0.500193
0.000071 -0.000041 0.000331 -0.435555 0.694180 0.069983 0.467130 0.316164 0.254328 0.323552 0.136040 0.175432 0.087065 -0.027952 0.000000 0.498896
0.000004 -0.000029 0.000391 -1.190843 0.694180 0.069968 0.467135 0.316152 0.254333 0.323545 0.136042 0.175427 0.087063 -0.027956 0.000000 0.499034
0.000038 -0.000020 0.000624 -0.403830 0.694183 0.069976 0.467133 0.316157 0.254331 0.323545 0.136043 0.175425 0.087068 -0.027959 0.000000 0.500711
-0.000011 0.000017 -0.000211 1.783550 0.694180 0.069959 0.467137 0.316146 0.254334 0.323539 0.136043 0.175422 0.087062 -0.027960 0.000000 0.501135
0.000010 -0.000034 0.000491 -1.069400 0.694178 0.069977 0.467129 0.316159 0.254327 0.323548 0.136038 0.175429 0.087062 -0.027954 0.000000 0.499381
0.000026 -0.000001 0.000253 -0.027863 0.694172 0.069998 0.467117 0.316173 0.254314 0.323556 0.136030 0.175434 0.087059 -0.027951 0.000000 0.500383
0.000000 -0.000019 -0.000350 -1.291422 0.694181 0.069977 0.467133 0.316159 0.254331 0.323548 0.136042 0.175430 0.087065 -0.027954 0.000000 0.500740
-0.000001 -0.000026 0.000063 -1.330352 0.694177 0.070002 0.467121 0.316177 0.254319 0.323559 0.136035 0.175436 0.087065 -0.027949 0.000000 0.498140
-0.000056 0.000050 -0.000650 1.997247 0.694186 0.069955 0.467146 0.316144 0.254344 0.323541 0.136050 0.175426 0.087067 -0.027956 0.000000 0.500114
0.000015 -0.000053 0.000615 -1.076289 0.694194 0.069938 0.467159 0.316132 0.254357 0.323532 0.136060 0.175420 0.087073 -0.027961 0.000000 0.501267
0.000038 -0.000028 0.000057 -0.531158 0.694193 0.069925 0.467161 0.316122 0.254360 0.323526 0.136061 0.175415 0.087070 -0.027965 0.000000 0.498527
-0.000031 0.000022 -0.000486 2.088258 0.694180 0.069987 0.467129 0.316166 0.254326 0.323552 0.136040 0.175431 0.087066 -0.027953 0.000000 0.500104
0.000010 0.000029 -0.000472 1.030105 0.694178 0.069994 0.467122 0.316169 0.254320 0.323552 0.136035 0.175430 0.087065 -0.027955 0.000000 0.500739
-0.000001 0.000014 0.000121 1.366022 0.694183 0.069983 0.467133 0.316163 0.254330 0.323550 0.136043 0.175430 0.087068 -0.027954 0.000000 0.498676
-0.000040 0.000034 -0.000502 2.019344 0.694177 0.070020 0.467113 0.316187 0.254310 0.323562 0.136031 0.175436 0.087068 -0.027951 0.000000 0.499810
0.000009 -0.000032 0.001281 -1.061693 0.694191 0.069923 0.467162 0.316123 0.254360 0.323529 0.136060 0.175419 0.087067 -0.027961 0.000000 0.498732
0.000002 -0.000030 -0.000065 -1.254220 0.694184 0.069984 0.467133 0.316163 0.254331 0.323550 0.136043 0.175430 0.087069 -0.027954 0.000000 0.499587
0.000002 0.000013 -0.000023 1.190292 0.694182 0.069972 0.467134 0.316154 0.254332 0.323544 0.136043 0.175425 0.087066 -0.027959 0.000000 0.500352
0.000006 -0.000028 -0.000020 -1.132641 0.694187 0.069950 0.467147 0.316139 0.254345 0.323536 0.136051 0.175421 0.087068 -0.027961 0.000000 0.499959
0.000057 -0.000016 0.000396 -0.224164 0.694190 0.069948 0.467150 0.316138 0.254348 0.323534 0.136054 0.175419 0.087071 -0.027963 0.000000 0.500666
0.000029 -0.000059 -0.000047 -0.926616 0.694192 0.069930 0.467157 0.316124 0.254355 0.323525 0.136058 0.175412 0.087071 -0.027969 0.000000 0.500721
0.000035 -0.000022 -0.000032 -0.475543 0.694187 0.069947 0.467149 0.316138 0.254347 0.323536 0.136052 0.175422 0.087067 -0.027960 0.000000 0.500838
-0.000004 -0.000024 -0.000302 -1.450329 0.694187 0.069961 0.467144 0.316147 0.254342 0.323541 0.136050 0.175425 0.087069 -0.027958 0.000000 0.530400
0.000009 -0.000068 -0.000042 -1.189757 0.694191 0.069947 0.467152 0.316137 0.254350 0.323534 0.136056 0.175419 0.087072 -0.027963 0.000000 0.530400
0.000022 -0.000008 0.000021 -0.287243 0.694192 0.069912 0.467166 0.316114 0.254364 0.323523 0.136062 0.175414 0.087068 -0.027965 0.000000 0.530400
-0.000021 -0.000003 0.000260 -2.474191 0.694188 0.069940 0.467152 0.316133 0.254350 0.323533 0.136054 0.175420 0.087067 -0.027961 0.000000 0.530400
0.000006 0.000005 0.000168 0.600868 0.694193 0.069894 0.467174 0.316102 0.254372 0.323517 0.136066 0.175411 0.087066 -0.027967 0.000000 0.530400
0.000030 -0.000034 -0.000307 -0.698234 0.694194 0.069899 0.467171 0.316104 0.254370 0.323515 0.136066 0.175408 0.087069 -0.027971 -0.050861 0.530400
-0.000414 0.000149 0.002242 2.313681 0.694197 0.070604 0.467118 0.316757 0.254314 0.324119 0.136044 0.175986 0.087093 -0.027404 -0.124418 0.530400
-0.003704 -0.000103 0.001028 -2.576899 0.694753 0.073702 0.468441 0.320561 0.255662 0.328587 0.136931 0.180822 0.087347 -0.022414 -0.167414 0.530400
-0.007058 -0.000393 0.002552 -2.553939 0.695720 0.077205 0.470780 0.325315 0.258049 0.334519 0.138501 0.187414 0.087791 -0.015544 -0.198768 0.530400
-0.010372 -0.000526 0.003430 -2.558099 0.696893 0.084878 0.473465 0.334350 0.260794 0.344848 0.140353 0.198473 0.088411 -0.004173 -0.198768 0.530400
-0.011636 -0.000546 -0.002580 -2.561165 0.698127 0.101535 0.475604 0.351815 0.262972 0.363082 0.142003 0.217144 0.089327 0.014686 -0.198768 0.530400
-0.012109 0.000015 -0.003989 2.598972 0.697363 0.124531 0.472655 0.372850 0.259932 0.382253 0.140247 0.235260 0.089348 0.032349 -0.198768 0.530400
-0.011422 0.000371 -0.004885 2.573131 0.695804 0.147094 0.468637 0.393167 0.255832 0.400454 0.137614 0.252278 0.088735 0.048871 -0.198768 0.530400
-0.012284 -0.000216 -0.001673 -2.585476 0.694241 0.172196 0.464652 0.416011 0.251785 0.421194 0.135038 0.271856 0.088173 0.067976 -0.198768 0.530400
-0.011928 -0.000274 0.002849 -2.580983 0.695408 0.187450 0.466576 0.431975 0.253726 0.437817 0.136517 0.288842 0.089020 0.085108 -0.156994 0.530400
-0.009731 -0.000925 0.003418 -2.521562 0.697504 0.196302 0.470184 0.442233 0.257374 0.449388 0.139248 0.301138 0.090497 0.097700 -0.136092 0.530400
-0.008664 -0.000785 0.008085 -2.525176 0.701405 0.202344 0.477140 0.451063 0.264434 0.460845 0.144487 0.314066 0.093226 0.111245 -0.136092 0.530400
-0.009544 -0.000424 0.006744 -2.563270 0.704652 0.206398 0.482973 0.457426 0.270380 0.469410 0.148920 0.323880 0.095562 0.121601 -0.075909 0.530400
-0.004100 -0.000641 0.000237 -2.471662 0.709884 0.205515 0.492692 0.460434 0.280344 0.476186 0.156323 0.332833 0.099387 0.131532 0.000000 0.530400
0.000885 0.000081 -0.000454 0.075292 0.710386 0.206245 0.493543 0.461462 0.281218 0.477504 0.157000 0.334321 0.099788 0.133099 0.000000 0.530400
0.000794 0.000042 -0.000551 0.043380 0.710286 0.204220 0.493473 0.459463 0.281150 0.475530 0.156915 0.332362 0.099679 0.131146 0.000000 0.530400
-0.000168 0.000038 0.000067 2.414938 0.710183 0.204214 0.493279 0.459379 0.280950 0.475371 0.156766 0.332158 0.099602 0.130922 0.000000 0.530400
-0.000324 -0.000010 0.000106 -2.574753 0.710179 0.204786 0.493251 0.459931 0.280920 0.475903 0.156750 0.332679 0.099605 0.131437 0.000000 0.530400
0.000179 0.000010 -0.000249 0.046434 0.710197 0.204854 0.493279 0.460007 0.280949 0.475987 0.156773 0.332768 0.099620 0.131529 0.000000 0.530400
0.000098 -0.000031 -0.000228 -0.254613 0.710195 0.204611 0.493285 0.459771 0.280955 0.475757 0.156775 0.332542 0.099616 0.131304 0.000000 0.530400
-0.000088 -0.000034 0.000211 -2.295840 0.710183 0.204717 0.493261 0.459867 0.280931 0.475844 0.156757 0.332622 0.099608 0.131382 0.000000 0.530400
0.000116 -0.000058 -0.000100 -0.382804 0.710201 0.204698 0.493295 0.459861 0.280966 0.475851 0.156783 0.332638 0.099621 0.131401 0.000000 0.530400
-0.000002 0.000023 -0.000239 1.358704 0.710184 0.204704 0.493262 0.459854 0.280932 0.475830 0.156758 0.332609 0.099609 0.131369 0.047128 0.530400
0.000011 -0.000032 -0.000726 -1.017537 0.710195 0.204713 0.493287 0.459874 0.280957 0.475862 0.156776 0.332647 0.099616 0.131410 0.160806 0.530400
0.000067 -0.000007 -0.000300 -0.085911 0.710186 0.204711 0.493265 0.459861 0.280935 0.475838 0.156761 0.332617 0.099610 0.131377 0.281172 0.530400
0.001917 0.000251 0.000709 0.107938 0.710144 0.203983 0.493202 0.459116 0.280871 0.475076 0.156708 0.331845 0.099575 0.130600 0.361415 0.530400
0.005161 0.000486 -0.001458 0.077717 0.708932 0.202473 0.490889 0.456665 0.278490 0.471706 0.154949 0.327939 0.098686 0.126450 0.365925 0.530400
0.006429 0.000680 -0.002378 0.087192 0.706524 0.196693 0.486597 0.449257 0.274092 0.462718 0.151623 0.318037 0.096860 0.116134 0.258933 0.530400
0.003393 0.000237 -0.004225 0.057686 0.705454 0.194388 0.484714 0.446242 0.272167 0.459019 0.150165 0.313943 0.096053 0.111865 0.172003 0.530400
-0.000176 -0.000119 -0.000856 -2.107187 0.704465 0.192883 0.482775 0.443901 0.270181 0.455874 0.148728 0.310339 0.095379 0.108058 0.051638 0.530400
-0.000922 -0.000056 0.000041 -2.549559 0.704523 0.193998 0.482814 0.444999 0.270220 0.456957 0.148777 0.311413 0.095443 0.109128 0.000000 0.530400
0.000086 -0.000005 0.000528 -0.048438 0.704492 0.194643 0.482744 0.445609 0.270148 0.457534 0.148728 0.311971 0.095426 0.109677 0.000000 0.530400
0.000404 -0.000039 0.000815 -0.080386 0.704547 0.193974 0.482876 0.445008 0.270284 0.456998 0.148819 0.311472 0.095455 0.109195 0.000000 0.530400
0.000071 -0.000001 0.000063 -0.010813 0.704540 0.193646 0.482866 0.444678 0.270273 0.456665 0.148810 0.311137 0.095449 0.108860 0.000000 0.530400
-0.000150 0.000019 -0.000675 2.494001 0.704529 0.193837 0.482840 0.444856 0.270247 0.456830 0.148793 0.311295 0.095443 0.109014 0.000000 0.498772
0.000100 0.000002 -0.000678 0.018551 0.704528 0.193895 0.482835 0.444910 0.270241 0.456881 0.148790 0.311345 0.095444 0.109063 0.000000 0.498772
-0.000003 -0.000020 -0.000170 -1.411249 0.704527 0.193804 0.482835 0.444820 0.270241 0.456791 0.148789 0.311254 0.095443 0.108973 0.000000 0.498766
-0.000039 0.000016 -0.000338 2.270565 0.704534 0.193833 0.482849 0.444855 0.270256 0.456833 0.148799 0.311300 0.095447 0.109020 0.000000 0.499617
0.000040 0.000011 0.000630 0.221248 0.704542 0.193781 0.482869 0.444814 0.270276 0.456802 0.148813 0.311274 0.095451 0.108997 0.000000 0.500487
-0.000049 -0.000024 -0.000005 -2.226781 0.704535 0.193808 0.482849 0.444830 0.270256 0.456807 0.148800 0.311274 0.095448 0.108994 0.000000 0.501145
0.000022 -0.000033 0.000236 -0.824924 0.704540 0.193808 0.482859 0.444833 0.270265 0.456814 0.148807 0.311283 0.095451 0.109004 0.000000 0.499991
-0.000004 0.000021 -0.000206 1.468677 0.704538 0.193805 0.482854 0.444829 0.270261 0.456808 0.148804 0.311276 0.095450 0.108996 0.000000 0.500430
-0.000001 0.000019 0.000570 1.333790 0.704541 0.193789 0.482865 0.444819 0.270272 0.456804 0.148810 0.311276 0.095451 0.108998 0.000000 0.499476
-0.000016 0.000019 0.000164 1.879713 0.704539 0.193797 0.482859 0.444824 0.270266 0.456807 0.148806 0.311276 0.095450 0.108998 0.000000 0.530400
0.000051 -0.000035 0.000319 -0.491814 0.704537 0.193801 0.482855 0.444826 0.270262 0.456807 0.148803 0.311275 0.095449 0.108996 0.000000 0.530400
-0.000055 -0.000008 -0.000014 -2.476927 0.704529 0.193823 0.482839 0.444840 0.270245 0.456814 0.148791 0.311279 0.095443 0.108998 0.000000 0.530400
-0.000068 0.000012 0.000247 2.454424 0.704541 0.193787 0.482865 0.444817 0.270272 0.456802 0.148810 0.311274 0.095450 0.108996 0.106991 0.530400
-0.000274 -0.000023 -0.001086 -2.531970 0.704544 0.193751 0.482876 0.444787 0.270283 0.456779 0.148817 0.311254 0.095452 0.108978 0.173861 0.530400
0.000693 0.000112 -0.000397 0.133138 0.704488 0.193808 0.482708 0.444746 0.270111 0.456644 0.148709 0.311065 0.095433 0.108765 0.307600 0.530400
0.004238 0.000160 -0.000987 0.031226 0.703931 0.191687 0.481608 0.442143 0.268985 0.453580 0.147899 0.307738 0.095062 0.105323 0.401217 0.478707
0.007205 0.000185 -0.002947 0.021252 0.702965 0.184343 0.479944 0.434179 0.267290 0.445023 0.146611 0.298845 0.094339 0.096283 0.501522 0.444328
0.010816 0.000291 0.003241 0.022251 0.702545 0.169774 0.479742 0.419805 0.267097 0.430834 0.146291 0.284760 0.093842 0.082244 0.512148 0.440041
0.013316 0.000304 0.008789 0.018869 0.703947 0.148233 0.484063 0.400835 0.271561 0.414333 0.149067 0.269673 0.094269 0.067780 0.512148 0.431443
0.017685 0.000916 0.021974 0.042832 0.707346 0.093461 0.496749 0.353856 0.284874 0.375036 0.157224 0.234904 0.095155 0.035127 0.512148 0.431443
0.021258 0.000744 0.026273 0.028946 0.709437 0.031873 0.511162 0.301768 0.300499 0.332767 0.166479 0.198715 0.095198 0.002036 0.512148 0.427144
0.023592 0.000416 0.015465 0.014580 0.708643 -0.015781 0.516745 0.258684 0.306867 0.294610 0.169743 0.163734 0.093874 -0.031221 0.411844 0.418559
0.021034 0.000395 0.014385 0.015525 0.706936 -0.064475 0.522334 0.214950 0.313475 0.256391 0.172951 0.129173 0.091973 -0.063716 0.318226 0.401363
0.017284 -0.000271 0.011438 -0.012992 0.703218 -0.119013 0.527526 0.166099 0.320079 0.214111 0.175610 0.091391 0.088585 -0.098847 0.191174 0.281056
0.012032 -0.001539 0.037820 -0.105300 0.697762 -0.167612 0.534240 0.124650 0.329000 0.181361 0.179489 0.064838 0.084525 -0.121564 0.094349 0.182244
0.012270 -0.002902 0.074643 -0.192210 0.674126 -0.272419 0.547215 0.037500 0.350357 0.118657 0.187830 0.021104 0.070984 -0.152420 0.201340 0.117810
0.012927 -0.004010 0.110789 -0.248939 0.621362 -0.394877 0.547446 -0.068238 0.366719 0.044354 0.190298 -0.024980 0.046366 -0.176793 0.301645 0.117810
0.014536 -0.004369 0.140570 -0.241629 0.506136 -0.560384 0.516934 -0.225661 0.370419 -0.071152 0.182219 -0.093782 0.004670 -0.204417 0.395262 0.117810
0.015066 -0.006486 0.141568 -0.336446 0.384438 -0.668156 0.463220 -0.342657 0.351265 -0.161534 0.162402 -0.145337 -0.033966 -0.217470 0.301645 0.117810
0.015023 -0.006636 0.136162 -0.344254 0.206506 -0.767257 0.365876 -0.472711 0.303941 -0.268987 0.125493 -0.205050 -0.082790 -0.224590 0.194653 0.117810
0.012748 -0.006197 0.122372 -0.374465 -0.022186 -0.819702 0.217189 -0.585488 0.218296 -0.372561 0.066751 -0.258694 -0.137990 -0.215740 0.101036 0.117810
0.009850 -0.005490 0.095423 -0.420811 -0.180504 -0.815298 0.101212 -0.634212 0.145267 -0.425889 0.019820 -0.283781 -0.172040 -0.200393 0.024144 0.117810
0.007462 -0.004732 0.071854 -0.467716 -0.300012 -0.789911 0.006630 -0.655274 0.082828 -0.456444 -0.018766 -0.296413 -0.195164 -0.183951 0.097701 0.117810
0.003565 -0.001897 0.035186 -0.404743 -0.367541 -0.766256 -0.049800 -0.660441 0.044392 -0.469477 -0.042027 -0.300766 -0.207314 -0.172533 0.238127 0.117810
0.003307 -0.001616 0.032429 -0.376187 -0.393903 -0.755400 -0.072520 -0.661222 0.028561 -0.473814 -0.051659 -0.302069 -0.212168 -0.167903 0.318371 0.117810
0.005311 -0.002615 0.057949 -0.378619 -0.443740 -0.731168 -0.116559 -0.659690 -0.002622 -0.479807 -0.070639 -0.302874 -0.221375 -0.157815 0.445423 0.117810
0.007856 -0.003124 0.086017 -0.313211 -0.546208 -0.666539 -0.211960 -0.645684 -0.071976 -0.485235 -0.112275 -0.300012 -0.239181 -0.133703 0.472171 0.117810
0.009447 -0.005191 0.098499 -0.415835 -0.652190 -0.571986 -0.319607 -0.611293 -0.153165 -0.478490 -0.159661 -0.289046 -0.254749 -0.102708 0.358492 0.117810
0.010662 -0.005606 0.103766 -0.400612 -0.745001 -0.449403 -0.426598 -0.553209 -0.237332 -0.455649 -0.206527 -0.268613 -0.263202 -0.067239 0.258188 0.117810
0.010317 -0.005325 0.103291 -0.394347 -0.792392 -0.359549 -0.490122 -0.503732 -0.289811 -0.431515 -0.235033 -0.250047 -0.265141 -0.043027 0.191318 0.117810
0.009589 -0.005223 0.091402 -0.412760 -0.819922 -0.288656 -0.533102 -0.461545 -0.326720 -0.409146 -0.254557 -0.233864 -0.264394 -0.024897 0.091014 0.117810
0.009589 -0.005223 0.091402 -0.412760 -0.819922 -0.288656 -0.533102 -0.461545 -0.326720 -0.409146 -0.254557 -0.233864 -0.264394 -0.024897 0.000000 0.273138
0.009589 -0.005223 0.091402 -0.412760 -0.819922 -0.288656 -0.533102 -0.461545 -0.326720 -0.409146 -0.254557 -0.233864 -0.264394 -0.024897 0.040441 0.530400
0.000670 -0.000189 0.004714 -0.228153 -0.858870 -0.055904 -0.637063 -0.306819 -0.424464 -0.318694 -0.303078 -0.173103 -0.249824 0.029203 0.126942 0.530400
0.002533 0.000119 0.003218 0.038719 -0.859118 -0.055689 -0.637726 -0.306970 -0.425147 -0.319196 -0.303520 -0.173805 -0.249932 0.028412 0.207186 0.530400
0.005238 0.000476 0.002962 0.074974 -0.859951 -0.057181 -0.640020 -0.309741 -0.427515 -0.323199 -0.305048 -0.178516 -0.250288 0.023388 0.292797 0.530400
0.008104 0.000556 0.001208 0.056672 -0.860702 -0.063163 -0.641594 -0.316438 -0.429134 -0.330588 -0.306197 -0.186304 -0.250780 0.015420 0.292797 0.530400
0.012204 0.000637 0.001325 0.043155 -0.862202 -0.074194 -0.644795 -0.328931 -0.432435 -0.344503 -0.308534 -0.201046 -0.251767 0.000303 0.292797 0.530400
0.015078 0.000821 0.001387 0.044997 -0.863401 -0.084723 -0.647475 -0.340716 -0.435209 -0.357519 -0.310478 -0.214783 -0.252545 -0.013767 0.292797 0.530400
0.017198 0.000769 0.007507 0.036977 -0.865989 -0.113885 -0.649061 -0.369029 -0.436730 -0.385000 -0.312560 -0.241776 -0.255415 -0.040534 0.292797 0.530400
0.018326 0.000767 -0.000646 0.034605 -0.868118 -0.136944 -0.653017 -0.393630 -0.440805 -0.411117 -0.315616 -0.268783 -0.257036 -0.067954 0.292797 0.530400
0.018412 0.000393 0.001494 0.017659 -0.870361 -0.152191 -0.657497 -0.410736 -0.445446 -0.430066 -0.319025 -0.288824 -0.258703 -0.088512 0.292797 0.530400
0.018317 0.000980 0.002784 0.044215 -0.872144 -0.177232 -0.660227 -0.436554 -0.448248 -0.456658 -0.321312 -0.315880 -0.260258 -0.115789 0.292797 0.530400
0.018746 0.000962 0.000103 0.042412 -0.874443 -0.193669 -0.664035 -0.454217 -0.452176 -0.475552 -0.324425 -0.335513 -0.262210 -0.135781 0.292797 0.530400
0.018656 0.001257 0.006573 0.055674 -0.878284 -0.217572 -0.670454 -0.480180 -0.458816 -0.503602 -0.329690 -0.364828 -0.265511 -0.165719 0.292797 0.543416
0.019459 0.001044 0.008072 0.044352 -0.882517 -0.235323 -0.677953 -0.500484 -0.466621 -0.526523 -0.335788 -0.389358 -0.269149 -0.191058 0.292797 0.710986
0.019172 0.002393 -0.028910 0.102782 -0.881415 -0.262630 -0.674694 -0.526112 -0.463156 -0.550425 -0.333447 -0.412197 -0.268428 -0.213360 0.292797 0.895740
0.016923 0.005339 -0.088927 0.252903 -0.856010 -0.373119 -0.625461 -0.616025 -0.412574 -0.620366 -0.296418 -0.470569 -0.250359 -0.266505 0.251024 0.930106
0.015924 0.006903 -0.102914 0.338531 -0.780277 -0.545894 -0.509618 -0.743125 -0.299453 -0.708915 -0.212287 -0.540589 -0.203873 -0.331561 0.251024 0.930106
0.015516 0.007575 -0.121988 0.375878 -0.637192 -0.742235 -0.327438 -0.869549 -0.131410 -0.786409 -0.086711 -0.602198 -0.128176 -0.397151 0.251024 0.930106
0.015657 0.009520 -0.134505 0.452128 -0.437888 -0.905118 -0.105990 -0.949840 0.062594 -0.819767 0.059186 -0.630242 -0.032853 -0.442379 0.251024 0.930106
0.016537 0.008157 -0.141912 0.379223 -0.153821 -1.025332 0.176051 -0.967532 0.297375 -0.792547 0.236781 -0.612937 0.092213 -0.461729 0.251024 0.938704
0.017537 0.008174 -0.137751 0.360953 0.075897 -1.055595 0.383888 -0.924075 0.462100 -0.726028 0.362133 -0.564974 0.186886 -0.450730 0.251024 0.938704
0.017369 0.008373 -0.145778 0.371740 0.374074 -1.014145 0.629816 -0.797921 0.646372 -0.585635 0.503491 -0.461071 0.302408 -0.403371 0.251024 0.938704
0.017774 0.008057 -0.147887 0.352209 0.643366 -0.890102 0.825474 -0.609044 0.779802 -0.401070 0.606953 -0.323256 0.397778 -0.326305 0.251024 0.938704
0.017049 0.008784 -0.146766 0.393755 0.853784 -0.706841 0.952144 -0.386713 0.851370 -0.199139 0.663836 -0.171529 0.463457 -0.231630 0.251024 0.783804
0.017226 0.008477 -0.140201 0.378478 1.005524 -0.473701 1.013013 -0.138887 0.864978 0.014165 0.677010 -0.010324 0.500564 -0.122709 0.251024 0.530400
0.019569 0.005279 -0.083413 0.218068 1.065393 -0.310120 1.013572 0.020744 0.840811 0.145215 0.660133 0.087881 0.506335 -0.053927 0.251024 0.530400
0.018377 0.002140 -0.029698 0.095939 1.085327 -0.246967 1.005233 0.078212 0.822404 0.187358 0.647329 0.114693 0.506301 -0.039821 0.251024 0.530400
0.016254 0.000929 -0.017523 0.047245 1.093185 -0.227319 0.999468 0.094198 0.812205 0.195548 0.640345 0.115573 0.505949 -0.044743 0.251024 0.530400
0.015247 0.000749 -0.003920 0.040638 1.095551 -0.231219 0.996864 0.088807 0.808052 0.187243 0.637453 0.104616 0.505557 -0.057764 0.251024 0.530400
0.016816 0.000450 -0.005755 0.022147 1.095442 -0.250240 0.995629 0.069438 0.806473 0.167209 0.636165 0.083982 0.504841 -0.078861 0.251024 0.530400
0.016957 0.000785 -0.006000 0.038282 1.095703 -0.270130 0.994248 0.049031 0.804592 0.145828 0.634714 0.061727 0.504229 -0.101789 0.251024 0.530400
0.016606 0.000634 -0.003782 0.031596 1.096806 -0.278243 0.993488 0.040319 0.803269 0.136007 0.633886 0.050915 0.504358 -0.113360 0.251024 0.530400
0.016738 0.000301 -0.004739 0.014873 1.098737 -0.297993 0.991921 0.019413 0.800661 0.113003 0.632224 0.026052 0.504512 -0.139638 0.251024 0.530400
0.016288 0.000231 -0.003793 0.011727 1.098998 -0.315413 0.991266 0.001684 0.799737 0.094721 0.631551 0.007284 0.504318 -0.158774 0.251024 0.530400
0.016736 0.000510 -0.002175 0.025209 1.098246 -0.339605 0.990572 -0.022489 0.799059 0.070583 0.630858 -0.016823 0.503594 -0.182858 0.251024 0.530400
0.016661 0.000342 0.000428 0.016985 1.095916 -0.372208 0.989470 -0.054678 0.798319 0.039134 0.629781 -0.047620 0.501875 -0.213161 0.251024 0.530400
0.015732 0.001775 -0.002202 0.092969 1.096750 -0.390369 0.988326 -0.073508 0.796594 0.019111 0.628600 -0.068692 0.501729 -0.235028 0.251024 0.530400
0.016744 0.001563 -0.007307 0.077049 1.098134 -0.402963 0.986943 -0.087063 0.794408 0.003875 0.627188 -0.085394 0.501777 -0.252833 0.251024 0.530400
0.016677 0.001257 -0.001792 0.062239 1.100601 -0.414338 0.985922 -0.099687 0.792393 -0.010884 0.626171 -0.101998 0.502620 -0.270814 0.251024 0.530400
0.016647 0.001076 -0.010199 0.053421 1.102629 -0.419342 0.985702 -0.105520 0.791543 -0.018104 0.625977 -0.110404 0.503636 -0.280100 0.251024 0.530400
0.016917 0.001275 -0.004982 0.062253 1.107379 -0.431572 0.985419 -0.119671 0.789879 -0.035390 0.625819 -0.130342 0.506225 -0.301984 0.251024 0.530400
0.016336 0.000190 -0.007404 0.009637 1.115207 -0.435441 0.987205 -0.125970 0.790063 -0.045507 0.627881 -0.143631 0.511646 -0.317565 0.251024 0.530400
0.016252 0.000268 -0.001268 0.013649 1.115490 -0.455805 0.986875 -0.146589 0.789574 -0.066516 0.627586 -0.164962 0.511697 -0.339126 0.210902 0.530400
0.012673 0.000420 0.002066 0.027403 1.116273 -0.478204 0.986930 -0.169291 0.789440 -0.089684 0.627685 -0.188511 0.512206 -0.362948 0.110598 0.530400
0.009128 0.000219 -0.000478 0.019849 1.114997 -0.496364 0.986137 -0.187250 0.788773 -0.107334 0.626863 -0.205908 0.511111 -0.380164 0.000000 0.530400
0.002759 -0.000013 0.002503 -0.003904 1.115343 -0.502867 0.986073 -0.193924 0.788602 -0.114270 0.626824 -0.213059 0.511303 -0.387468 0.000000 0.530400
-0.001017 -0.000039 0.000894 -2.567912 1.115009 -0.504101 0.985981 -0.195057 0.788572 -0.115249 0.626716 -0.213911 0.511060 -0.388231 0.000000 0.625045
-0.000683 0.000046 -0.000118 2.544015 1.115582 -0.501872 0.986204 -0.192974 0.788706 -0.113389 0.626962 -0.212234 0.511502 -0.386684 0.046809 0.788316
0.000766 0.000106 -0.004483 0.113815 1.116384 -0.499399 0.986505 -0.190712 0.788877 -0.111447 0.627294 -0.210555 0.512118 -0.385192 0.133629 0.942990
0.004136 0.001632 -0.038483 0.310934 1.135111 -0.457209 0.992539 -0.154175 0.791794 -0.083177 0.634461 -0.188902 0.526628 -0.368166 0.198799 0.942990
0.005683 0.003721 -0.051672 0.479735 1.162365 -0.380242 0.998329 -0.088268 0.792990 -0.031919 0.643684 -0.148705 0.549048 -0.335273 0.198799 0.942990
0.007420 0.005053 -0.071182 0.494753 1.188777 -0.276579 0.997855 -0.001433 0.788106 0.035237 0.650517 -0.095150 0.573956 -0.289834 0.198799 0.942990
0.008513 0.005525 -0.082101 0.476456 1.211530 -0.062152 0.971846 0.171745 0.758949 0.167930 0.648616 0.013793 0.610406 -0.191885 0.198799 0.942990
0.009718 0.005805 -0.091260 0.445669 1.198498 0.121634 0.924013 0.313505 0.714562 0.275170 0.630723 0.105162 0.626419 -0.103991 0.198799 0.942990
0.010254 0.006429 -0.100776 0.463457 1.150092 0.317880 0.845833 0.457817 0.646553 0.382803 0.594321 0.200586 0.627324 -0.005992 0.198799 0.942990
0.010616 0.006554 -0.108117 0.457742 1.067110 0.503515 0.742713 0.586718 0.560083 0.477239 0.541318 0.288614 0.610772 0.091282 0.198799 0.942990
0.011745 0.007109 -0.112267 0.450471 0.923485 0.705349 0.588757 0.715980 0.434321 0.569388 0.457045 0.381199 0.567769 0.203705 0.198799 0.942990
0.011838 0.007166 -0.118926 0.450497 0.739869 0.870954 0.410824 0.808618 0.291920 0.631979 0.354982 0.453220 0.501618 0.304018 0.198799 0.684110
0.014602 0.005298 -0.079330 0.288070 0.549816 0.977512 0.238981 0.852862 0.156392 0.656600 0.252758 0.493367 0.425426 0.375260 0.198799 0.530400
0.013629 0.001718 -0.024305 0.103783 0.473429 0.994496 0.172605 0.847320 0.104676 0.645515 0.212788 0.489813 0.393676 0.384726 0.198799 0.530400
0.011699 0.001102 -0.010751 0.077724 0.442178 0.989906 0.145869 0.833837 0.083980 0.630099 0.196681 0.477684 0.380618 0.378031 0.198799 0.530400
0.011244 0.000778 -0.001527 0.057139 0.434262 0.977772 0.139041 0.819656 0.078563 0.615495 0.192315 0.463864 0.376938 0.365486 0.198799 0.530400
0.012854 0.000661 0.001699 0.042545 0.431318 0.959946 0.136397 0.801270 0.076307 0.596994 0.190347 0.445580 0.375156 0.347552 0.198799 0.530400
0.012551 0.000721 -0.004150 0.047497 0.429145 0.943481 0.134399 0.784481 0.074534 0.580139 0.188740 0.428850 0.373657 0.331026 0.198799 0.530400
0.012789 0.000983 -0.001585 0.063503 0.418149 0.928632 0.125093 0.766539 0.067381 0.561578 0.183173 0.411499 0.369109 0.315627 0.198799 0.530400
0.012442 0.000521 -0.003778 0.034664 0.413320 0.912033 0.120912 0.748773 0.064018 0.543584 0.180407 0.393968 0.366724 0.298837 0.198799 0.530400
0.012732 0.000403 -0.005074 0.026209 0.404903 0.899850 0.113873 0.734146 0.058700 0.528488 0.176339 0.379852 0.363445 0.286285 0.198799 0.530400
0.012623 0.000642 -0.002195 0.042079 0.401836 0.879787 0.111210 0.713375 0.056538 0.507583 0.174538 0.359234 0.361872 0.266123 0.198799 0.530400
0.012702 0.000333 -0.006323 0.021660 0.393614 0.866350 0.104445 0.697418 0.051563 0.491159 0.170849 0.343841 0.358985 0.252362 0.198799 0.530400
0.012682 0.000871 0.003053 0.056748 0.395252 0.846537 0.105509 0.678592 0.051924 0.472514 0.170707 0.324791 0.358530 0.232671 0.219670 0.530400
0.014451 0.000811 0.002045 0.046375 0.390474 0.826953 0.101440 0.657790 0.048723 0.451489 0.168126 0.304266 0.356335 0.212937 0.219670 0.530400
0.014555 0.000518 -0.006781 0.029441 0.387333 0.803832 0.098714 0.633963 0.046501 0.427534 0.166263 0.280604 0.354695 0.189735 0.219670 0.444328
0.014812 0.000360 0.003310 0.020104 0.384213 0.783679 0.096127 0.612909 0.044560 0.406317 0.164781 0.259762 0.353496 0.169483 0.219670 0.319734
0.014064 -0.001235 0.022417 -0.072465 0.398707 0.758524 0.107501 0.593131 0.052108 0.387531 0.169588 0.238770 0.356595 0.145004 0.219670 0.281056
0.014061 -0.002302 0.047654 -0.134293 0.449930 0.710028 0.148441 0.564218 0.079597 0.362724 0.187001 0.206532 0.367410 0.100626 0.219670 0.332618
0.014002 -0.002540 0.053488 -0.148543 0.514058 0.648042 0.200697 0.529883 0.114046 0.335381 0.206996 0.170179 0.377171 0.048507 0.219670 0.530400
0.014396 -0.001251 0.036770 -0.071756 0.577294 0.569111 0.253813 0.482413 0.148412 0.297399 0.224627 0.123840 0.381981 -0.014013 0.219670 0.530400
0.014425 -0.000152 0.018510 -0.008722 0.596894 0.532278 0.270586 0.456917 0.158795 0.275693 0.228910 0.099581 0.381359 -0.043677 0.219670 0.530400
0.014075 0.000056 0.010673 0.003270 0.608141 0.498171 0.280243 0.430060 0.164464 0.251357 0.230658 0.073735 0.379895 -0.072867 0.219670 0.530400
0.014807 -0.000279 0.006130 -0.015574 0.615488 0.465533 0.286580 0.402479 0.168062 0.225581 0.231514 0.046960 0.378475 -0.101922 0.219670 0.530400
0.014071 -0.000409 0.010837 -0.024052 0.620140 0.441603 0.290639 0.381726 0.170420 0.205980 0.232145 0.026755 0.377663 -0.123539 0.219670 0.530400
0.014494 -0.000020 0.005902 -0.001123 0.629428 0.403715 0.298743 0.350762 0.174864 0.177577 0.232816 -0.002904 0.375149 -0.156216 0.219670 0.530400
0.014026 -0.000327 0.007506 -0.019279 0.633384 0.382716 0.302216 0.332876 0.176714 0.160863 0.232965 -0.020154 0.373851 -0.174799 0.219670 0.530400
0.014321 -0.000388 0.007870 -0.022417 0.641079 0.345591 0.309013 0.302134 0.180223 0.132568 0.232980 -0.049498 0.370863 -0.206825 0.219670 0.530400
0.014355 -0.000030 0.013036 -0.001738 0.647246 0.316621 0.314467 0.279006 0.182718 0.111729 0.232268 -0.071236 0.367365 -0.230962 0.219670 0.530400
0.014089 -0.000129 0.005442 -0.007555 0.653699 0.278185 0.320207 0.247535 0.184989 0.083049 0.230704 -0.100912 0.362432 -0.263428 0.219670 0.530400
0.014468 0.000341 0.009827 0.019487 0.657239 0.250718 0.323377 0.224403 0.186034 0.061688 0.229355 -0.122851 0.358961 -0.287064 0.219670 0.530400
0.014044 0.000095 0.006971 0.005619 0.660152 0.224303 0.325978 0.202304 0.186543 0.041377 0.227475 -0.143706 0.354949 -0.309581 0.219670 0.530400
0.014449 0.000078 0.014077 0.004493 0.664079 0.186633 0.329538 0.171187 0.186977 0.013023 0.224275 -0.172827 0.348473 -0.341167 0.219670 0.530400
0.013896 0.000225 0.006871 0.013383 0.665637 0.163912 0.330965 0.151638 0.186911 -0.005168 0.222445 -0.191363 0.345042 -0.360873 0.219670 0.530400
0.013896 0.000225 0.006871 0.013383 0.665637 0.163912 0.330965 0.151638 0.186911 -0.005168 0.222445 -0.191363 0.345042 -0.360873 0.219670 0.530400
0.013896 0.000225 0.006871 0.013383 0.665637 0.163912 0.330965 0.151638 0.186911 -0.005168 0.222445 -0.191363 0.345042 -0.360873 0.219670 0.478707
0.014302 -0.000081 0.008389 -0.004679 0.668970 0.069656 0.334074 0.070860 0.183827 -0.080021 0.211839 -0.267496 0.327515 -0.441802 0.219670 0.379881
0.014248 0.000181 0.012105 0.010493 0.669394 0.039734 0.334549 0.045627 0.182203 -0.103135 0.207587 -0.290984 0.320811 -0.466893 0.219670 0.319734
0.014016 -0.001359 0.025040 -0.080007 0.670646 0.004765 0.336125 0.020641 0.179411 -0.123512 0.199182 -0.312034 0.307110 -0.491241 0.219670 0.302551
0.014209 -0.001370 0.038921 -0.079560 0.670523 -0.074175 0.338305 -0.031891 0.170681 -0.163198 0.175480 -0.352693 0.268897 -0.539875 0.219670 0.341216
0.014006 -0.001789 0.039538 -0.105115 0.664139 -0.146404 0.336229 -0.078353 0.158879 -0.196194 0.148893 -0.385487 0.227434 -0.579381 0.219670 0.530400
0.014601 -0.000297 0.027944 -0.016845 0.654082 -0.210949 0.331377 -0.121406 0.146637 -0.227286 0.124180 -0.415507 0.189754 -0.614162 0.219670 0.530400
0.014030 -0.000310 0.018633 -0.018283 0.645712 -0.255133 0.326725 -0.153136 0.138016 -0.251768 0.108273 -0.438976 0.166090 -0.640026 0.219670 0.530400
0.014069 0.000341 0.015420 0.020037 0.639681 -0.290656 0.323095 -0.181436 0.132193 -0.275754 0.098203 -0.462238 0.151435 -0.664549 0.219670 0.530400
0.014424 0.000168 0.006887 0.009639 0.633397 -0.324620 0.318968 -0.209335 0.126289 -0.299966 0.088720 -0.485762 0.138054 -0.689059 0.179548 0.530400
0.012322 0.000627 0.006432 0.042068 0.628103 -0.352272 0.315231 -0.232825 0.121366 -0.320893 0.081336 -0.506174 0.127969 -0.710108 0.110216 0.530400
0.008855 0.000279 0.006490 0.026112 0.624519 -0.373376 0.312717 -0.251163 0.118080 -0.337509 0.076410 -0.522428 0.121234 -0.726767 0.009912 0.530400
0.003911 -0.000225 0.007154 -0.047612 0.619361 -0.391789 0.309284 -0.265265 0.113468 -0.348904 0.069238 -0.533228 0.111225 -0.738169 0.000000 0.530400
-0.000872 0.000164 -0.002815 2.446305 0.619043 -0.392492 0.309077 -0.265693 0.113188 -0.349160 0.068795 -0.533445 0.110601 -0.738422 0.000000 0.530400
-0.000531 0.000056 0.000654 2.512712 0.619889 -0.389719 0.309647 -0.263599 0.113940 -0.347493 0.069951 -0.531875 0.112205 -0.736761 0.000000 0.530400
0.000295 -0.000081 0.000703 -0.222133 0.619873 -0.389564 0.309636 -0.263429 0.113926 -0.347316 0.069929 -0.531695 0.112174 -0.736583 0.000000 0.530400
0.000332 -0.000002 -0.000122 -0.004451 0.619690 -0.390326 0.309514 -0.264044 0.113764 -0.347837 0.069679 -0.532196 0.111827 -0.737104 0.000000 0.530400
-0.000030 0.000013 0.000166 2.259100 0.619523 -0.390813 0.309398 -0.264406 0.113614 -0.348120 0.069455 -0.532461 0.111520 -0.737385 0.000000 0.530400
-0.000026 0.000009 0.000600 2.317275 0.619569 -0.390552 0.309430 -0.264180 0.113655 -0.347916 0.069516 -0.532262 0.111604 -0.737182 0.000000 0.530400
0.000017 -0.000071 -0.000674 -1.104557 0.619649 -0.390511 0.309488 -0.264193 0.113728 -0.347964 0.069621 -0.532317 0.111745 -0.737230 0.000000 0.530400
-0.000104 -0.000026 -0.001572 -2.393087 0.619575 -0.390635 0.309437 -0.264259 0.113661 -0.347993 0.069520 -0.532338 0.111606 -0.737258 0.000000 0.530400
0.000069 -0.000069 -0.000608 -0.648356 0.619655 -0.390463 0.309489 -0.264156 0.113732 -0.347933 0.069631 -0.532288 0.111762 -0.737199 0.000000 0.530400
-0.000011 0.000162 -0.000486 1.353814 0.619672 -0.390462 0.309500 -0.264170 0.113747 -0.347957 0.069656 -0.532314 0.111797 -0.737223 0.000000 0.530400
0.000007 -0.000071 0.003152 -1.220243 0.619683 -0.390435 0.309510 -0.264144 0.113758 -0.347932 0.069667 -0.532289 0.111809 -0.737198 0.000000 0.530400
0.000009 -0.000083 0.000019 -1.213317 0.619594 -0.390592 0.309449 -0.264233 0.113678 -0.347977 0.069548 -0.532325 0.111644 -0.737243 0.000000 0.530400
0.000082 -0.000029 -0.001743 -0.280300 0.619520 -0.390700 0.309400 -0.264281 0.113613 -0.347987 0.069446 -0.532326 0.111503 -0.737253 0.000000 0.530400
0.000021 0.000114 0.000291 1.149471 0.619616 -0.390534 0.309460 -0.264203 0.113696 -0.347964 0.069581 -0.532316 0.111696 -0.737230 0.000000 0.530400
-0.000048 0.000066 -0.001711 1.824445 0.619658 -0.390457 0.309487 -0.264163 0.113733 -0.347949 0.069641 -0.532306 0.111781 -0.737215 0.013374 0.530400
-0.000070 -0.000061 -0.000300 -2.003074 0.619621 -0.390532 0.309466 -0.264197 0.113702 -0.347957 0.069586 -0.532308 0.111698 -0.737223 0.140426 0.530400
0.000064 -0.000080 0.000742 -0.743193 0.619619 -0.390546 0.309466 -0.264206 0.113700 -0.347963 0.069581 -0.532313 0.111690 -0.737228 0.234043 0.530400
0.000028 -0.000033 -0.000947 -0.715520 0.619647 -0.390516 0.309487 -0.264194 0.113726 -0.347962 0.069618 -0.532315 0.111739 -0.737228 0.294226 0.530400
0.000091 0.000012 -0.001764 0.106185 0.619638 -0.390513 0.309479 -0.264188 0.113717 -0.347954 0.069607 -0.532307 0.111726 -0.737220 0.401217 0.530400
0.000853 0.000127 0.002932 0.122639 0.619695 -0.390414 0.309516 -0.264140 0.113768 -0.347937 0.069687 -0.532297 0.111840 -0.737204 0.568391 0.530400
0.000947 0.000073 0.001635 0.063831 0.619416 -0.391387 0.309327 -0.264891 0.113519 -0.348548 0.069306 -0.532876 0.111312 -0.737813 0.648635 0.530400
0.004676 0.000196 0.007667 0.034740 0.615275 -0.402595 0.306464 -0.273010 0.109830 -0.354709 0.063780 -0.538586 0.103739 -0.743932 0.608640 0.530400
0.008706 -0.000234 0.008195 -0.022249 0.608541 -0.422945 0.301886 -0.288337 0.103946 -0.366816 0.054901 -0.549917 0.091502 -0.755888 0.481588 0.530400
0.009759 0.000177 0.012797 0.015016 0.604299 -0.441656 0.298939 -0.304135 0.100261 -0.380727 0.049475 -0.563353 0.084115 -0.769663 0.374597 0.530400
0.008735 -0.000513 0.007925 -0.048592 0.598163 -0.463133 0.294690 -0.321498 0.094994 -0.395397 0.041745 -0.577320 0.073593 -0.784079 0.334571 0.530400
0.012632 -0.000389 0.006638 -0.025452 0.590435 -0.489171 0.289331 -0.342567 0.088448 -0.413174 0.032216 -0.594197 0.060661 -0.801452 0.334571 0.530400
0.012921 -0.000088 0.005587 -0.005629 0.579351 -0.519799 0.281577 -0.366544 0.079175 -0.432672 0.018936 -0.612402 0.042772 -0.820237 0.234267 0.530400
0.009150 0.000212 0.004653 0.019131 0.570077 -0.544995 0.275096 -0.386430 0.071542 -0.448921 0.008093 -0.627543 0.028202 -0.835772 0.147336 0.556300
0.007551 0.000383 0.007129 0.041926 0.569197 -0.552945 0.274422 -0.393998 0.070787 -0.456226 0.007107 -0.634765 0.026946 -0.843020 0.157025 0.573483
0.011493 0.000641 -0.007962 0.046083 0.566391 -0.572202 0.272170 -0.412232 0.068320 -0.473751 0.004020 -0.652068 0.023135 -0.860391 0.270703 0.625045
0.015997 0.000631 -0.007594 0.032633 0.566460 -0.590775 0.271999 -0.431248 0.068242 -0.493074 0.004210 -0.671488 0.023638 -0.879781 0.357634 0.749651
0.018426 0.002452 -0.023586 0.109500 0.587589 -0.596313 0.287049 -0.448556 0.085897 -0.518393 0.028971 -0.699199 0.056621 -0.906561 0.277390 0.904765
0.016207 0.003306 -0.068104 0.166547 0.645318 -0.553007 0.330443 -0.438946 0.138117 -0.530326 0.101272 -0.716267 0.151397 -0.919371 0.183773 0.942990
0.010037 0.006000 -0.099441 0.445925 0.721336 -0.456384 0.392020 -0.395497 0.217281 -0.517176 0.211423 -0.706642 0.294173 -0.898778 0.070095 0.942990
0.007407 0.005592 -0.077765 0.535199 0.778664 -0.347153 0.443838 -0.340239 0.291040 -0.488537 0.315852 -0.676462 0.428540 -0.852715 0.000000 0.942990
0.003898 0.002987 -0.037727 0.541172 0.806807 -0.267303 0.473260 -0.297353 0.337747 -0.461596 0.383130 -0.645639 0.514566 -0.808391 0.000000 0.942990
0.001299 0.001137 -0.020099 0.595035 0.816542 -0.230475 0.484889 -0.276983 0.357664 -0.447726 0.412094 -0.629300 0.551418 -0.785353 0.000000 0.942990
-0.000531 -0.000434 0.006520 -2.033080 0.816832 -0.229158 0.485263 -0.276260 0.358344 -0.447230 0.413098 -0.628706 0.552700 -0.784509 0.000000 0.942990
-0.000483 -0.000253 0.004577 -2.200454 0.814398 -0.238991 0.482244 -0.281765 0.353105 -0.451066 0.405488 -0.633240 0.543047 -0.790851 0.000000 0.942990
0.000242 0.000482 -0.006811 0.914882 0.814116 -0.239939 0.481907 -0.282289 0.352553 -0.451425 0.404703 -0.633666 0.542061 -0.791452 0.000000 0.942990
0.000246 0.000151 -0.003543 0.456042 0.814944 -0.236880 0.482911 -0.280596 0.354254 -0.450262 0.407154 -0.632287 0.545159 -0.789507 0.000000 0.942990
-0.000055 -0.000049 -0.001971 -1.998421 0.815007 -0.236619 0.482989 -0.280449 0.354390 -0.450159 0.407352 -0.632166 0.545412 -0.789339 0.000000 0.942990
0.000106 -0.000277 -0.001631 -0.997294 0.814826 -0.237341 0.482767 -0.280847 0.354002 -0.450432 0.406787 -0.632490 0.544693 -0.789797 0.000000 0.942990
-0.000239 -0.000244 0.001255 -1.942691 0.814913 -0.237058 0.482871 -0.280696 0.354174 -0.450332 0.407030 -0.632369 0.544999 -0.789622 0.000000 0.942990
-0.000001 -0.000005 0.001183 -1.516907 0.814948 -0.236806 0.482920 -0.280552 0.354278 -0.450230 0.407194 -0.632250 0.545214 -0.789458 0.000000 0.942990
0.000022 0.000117 -0.003403 1.146869 0.814843 -0.237222 0.482792 -0.280791 0.354059 -0.450400 0.406878 -0.632449 0.544814 -0.789730 0.000000 0.942990
0.000126 0.000242 -0.002928 0.901242 0.814916 -0.236929 0.482881 -0.280620 0.354211 -0.450277 0.407097 -0.632306 0.545091 -0.789536 0.000000 0.942990
-0.000177 -0.000122 0.001686 -2.099655 0.814814 -0.237358 0.482755 -0.280869 0.353994 -0.450456 0.406781 -0.632514 0.544690 -0.789819 0.000000 0.942990
-0.000158 -0.000074 -0.000947 -2.238198 0.814950 -0.236811 0.482921 -0.280553 0.354277 -0.450229 0.407191 -0.632250 0.545209 -0.789459 0.044205 0.942990
-0.000219 -0.000149 0.003096 -2.104536 0.814968 -0.236757 0.482942 -0.280519 0.354308 -0.450204 0.407233 -0.632221 0.545261 -0.789422 0.151197 0.942990
0.000142 0.000306 -0.005577 0.940072 0.815024 -0.236533 0.483009 -0.280385 0.354422 -0.450104 0.407395 -0.632108 0.545466 -0.789271 0.261475 0.942990
0.001620 0.000947 -0.026201 0.437997 0.817832 -0.226099 0.486475 -0.274668 0.360313 -0.446198 0.415870 -0.627430 0.556161 -0.782614 0.282346 0.942990
0.003271 0.002334 -0.037370 0.512793 0.824450 -0.196806 0.495234 -0.258232 0.375843 -0.434542 0.438410 -0.613475 0.584633 -0.763082 0.292797 0.942990
0.004794 0.002918 -0.044050 0.452505 0.835022 -0.127530 0.512771 -0.218696 0.409940 -0.405150 0.488550 -0.577638 0.647796 -0.713301 0.205867 0.942990
0.003446 0.003410 -0.040607 0.645710 0.839178 -0.040855 0.529214 -0.167658 0.447989 -0.364487 0.545484 -0.527048 0.718967 -0.643955 0.098876 0.942990
0.001169 0.000987 -0.011797 0.580217 0.837867 -0.007423 0.533665 -0.147487 0.461011 -0.347639 0.565433 -0.505840 0.743801 -0.615150 0.000000 0.874245
-0.000963 -0.000628 0.007214 -2.121335 0.837712 -0.005844 0.533820 -0.146576 0.461606 -0.346887 0.566375 -0.504858 0.744982 -0.613776 0.000000 0.530400
-0.000110 -0.000712 0.011038 -1.426594 0.838356 -0.022328 0.531640 -0.156797 0.455333 -0.355585 0.556839 -0.515672 0.733175 -0.628230 0.000000 0.530400
-0.000010 0.000506 -0.005955 1.315768 0.838459 -0.024579 0.531343 -0.158132 0.454442 -0.356691 0.555470 -0.517080 0.731469 -0.630165 0.000000 0.530400
-0.000288 0.001458 -0.024886 1.461208 0.838460 -0.025207 0.531268 -0.158584 0.454253 -0.357099 0.555189 -0.517546 0.731123 -0.630731 0.000000 0.530400
0.000001 -0.000065 -0.000112 -1.292599 0.838422 -0.023518 0.531494 -0.157502 0.454872 -0.356169 0.556126 -0.516416 0.732283 -0.629253 0.000000 0.530400
-0.000144 -0.000572 0.011461 -1.504191 0.838412 -0.023350 0.531514 -0.157401 0.454935 -0.356084 0.556224 -0.516310 0.732406 -0.629108 0.000000 0.530400
0.000218 0.000537 -0.009347 0.981375 0.838412 -0.022932 0.531580 -0.157134 0.455100 -0.355855 0.556467 -0.516031 0.732705 -0.628742 0.000000 0.530400
-0.000081 -0.000078 -0.003215 -1.967876 0.838409 -0.022982 0.531569 -0.157167 0.455078 -0.355883 0.556436 -0.516065 0.732667 -0.628786 0.000000 0.530400
0.000218 0.000176 -0.003510 0.560958 0.838395 -0.023002 0.531552 -0.157181 0.455057 -0.355896 0.556412 -0.516079 0.732641 -0.628804 0.000000 0.530400
0.000218 0.000144 0.006679 0.483156 0.838407 -0.023707 0.531450 -0.157624 0.454785 -0.356274 0.556004 -0.516543 0.732137 -0.629419 0.000000 0.530400
0.000128 0.000074 -0.001172 0.430811 0.838417 -0.024114 0.531393 -0.157876 0.454628 -0.356488 0.555766 -0.516808 0.731842 -0.629772 0.000000 0.530400
0.000177 0.000803 -0.014424 1.119877 0.838428 -0.023790 0.531460 -0.157680 0.454777 -0.356323 0.555982 -0.516601 0.732105 -0.629492 0.000000 0.530400
-0.000024 -0.000303 0.008192 -1.364798 0.838436 -0.023970 0.531436 -0.157788 0.454707 -0.356413 0.555874 -0.516715 0.731971 -0.629647 0.000000 0.530400
0.000151 0.000602 -0.006859 1.096146 0.838423 -0.024100 0.531405 -0.157877 0.454650 -0.356493 0.555795 -0.516808 0.731877 -0.629763 0.000000 0.530400
0.000228 0.000724 -0.010157 1.047200 0.838404 -0.023338 0.531511 -0.157402 0.454941 -0.356088 0.556236 -0.516309 0.732423 -0.629100 0.000000 0.530400
-0.000250 -0.000624 0.007304 -1.615247 0.838433 -0.023984 0.531430 -0.157795 0.454696 -0.356419 0.555860 -0.516723 0.731954 -0.629660 0.000000 0.530400
0.000045 0.000033 0.003484 0.521117 0.838396 -0.023923 0.531407 -0.157765 0.454693 -0.356396 0.555872 -0.516690 0.731978 -0.629609 0.000000 0.530400
0.000159 0.000190 -0.004135 0.722873 0.838413 -0.022910 0.531584 -0.157120 0.455109 -0.355843 0.556480 -0.516016 0.732721 -0.628723 0.000000 0.530400
0.000151 0.000632 -0.009773 1.105924 0.838430 -0.023523 0.531503 -0.157509 0.454883 -0.356177 0.556138 -0.516423 0.732296 -0.629259 0.000000 0.530400
-0.000178 0.000010 0.000291 2.554071 0.838423 -0.024141 0.531397 -0.157901 0.454629 -0.356511 0.555766 -0.516833 0.731840 -0.629799 0.000000 0.530400
-0.000007 -0.000118 -0.000560 -1.347676 0.838412 -0.023000 0.531569 -0.157179 0.455074 -0.355894 0.556429 -0.516077 0.732658 -0.628802 0.000000 0.530400
-0.000265 0.000146 -0.000663 2.183117 0.838420 -0.024282 0.531372 -0.157991 0.454572 -0.356589 0.555682 -0.516927 0.731738 -0.629922 0.000000 0.530400
0.000211 0.000283 -0.001274 0.770305 0.838444 -0.024432 0.531367 -0.158075 0.454524 -0.356656 0.555600 -0.517016 0.731632 -0.630049 0.000000 0.530400
0.000014 0.000337 -0.008137 1.265886 0.838412 -0.022978 0.531574 -0.157166 0.455084 -0.355884 0.556445 -0.516064 0.732677 -0.628783 0.100624 0.530400
0.000095 0.000257 -0.001148 1.007554 0.838389 -0.022921 0.531561 -0.157133 0.455087 -0.355856 0.556459 -0.516029 0.732700 -0.628735 0.185013 0.530400
0.000006 0.000062 -0.004153 1.215106 0.838411 -0.023083 0.531555 -0.157231 0.455039 -0.355939 0.556378 -0.516132 0.732596 -0.628875 0.278630 0.530400
0.000318 0.000868 -0.017184 1.009224 0.838417 -0.023773 0.531451 -0.157668 0.454771 -0.356313 0.555979 -0.516589 0.732104 -0.629477 0.341258 0.530400
0.000349 0.000102 -0.002855 0.234359 0.838453 -0.022643 0.531637 -0.156882 0.455181 -0.355613 0.556567 -0.515776 0.732819 -0.628466 0.429030 0.530400
0.003096 -0.000629 0.008502 -0.165813 0.838347 -0.022524 0.531959 -0.157738 0.456135 -0.356711 0.558031 -0.516551 0.734640 -0.628680 0.446549 0.530400
0.005692 0.000341 0.002167 0.049534 0.838237 -0.027733 0.531903 -0.163068 0.456157 -0.362070 0.558116 -0.521870 0.734769 -0.633930 0.379680 0.530400
0.005664 0.000753 -0.008485 0.109374 0.837766 -0.032697 0.532282 -0.169939 0.457778 -0.369410 0.560731 -0.528571 0.738079 -0.639527 0.232567 0.530400
0.002195 -0.000179 0.007570 -0.067475 0.837364 -0.028838 0.533833 -0.170348 0.462133 -0.370844 0.567306 -0.528546 0.746192 -0.637006 0.125575 0.530400
-0.001090 -0.000031 -0.001261 -2.576141 0.837446 -0.029085 0.533768 -0.170281 0.461860 -0.370702 0.566871 -0.528513 0.745644 -0.637158 0.025271 0.530400
-0.000247 0.000273 -0.002333 1.909462 0.836999 -0.013778 0.535847 -0.160283 0.467468 -0.361936 0.575233 -0.517879 0.755886 -0.623369 0.000000 0.530400
0.000413 0.000018 0.000758 0.035069 0.837456 -0.030551 0.533435 -0.171007 0.461039 -0.371252 0.565665 -0.529319 0.744173 -0.638399 0.000000 0.530400
-0.000010 -0.000325 0.003977 -1.325865 0.837433 -0.028347 0.533879 -0.169809 0.462146 -0.370293 0.567295 -0.528012 0.746163 -0.636500 0.000000 0.530400
-0.000209 -0.000315 0.003634 -1.784568 0.837458 -0.028315 0.533888 -0.169743 0.462134 -0.370220 0.567265 -0.527950 0.746122 -0.636458 0.000000 0.530400
0.000124 0.000081 -0.005836 0.480042 0.837466 -0.029240 0.533724 -0.170298 0.461725 -0.370687 0.566663 -0.528546 0.745387 -0.637272 0.000000 0.530400
-0.000135 -0.000094 0.000630 -2.095774 0.837471 -0.029438 0.533709 -0.170452 0.461681 -0.370830 0.566597 -0.528704 0.745305 -0.637456 0.000000 0.530400
-0.000050 0.000237 -0.006535 1.471639 0.837443 -0.028236 0.533881 -0.169680 0.462137 -0.370160 0.567276 -0.527885 0.746138 -0.636383 0.000000 0.530400
-0.000055 0.000280 -0.005322 1.459113 0.837459 -0.029440 0.533694 -0.170446 0.461661 -0.370823 0.566573 -0.528699 0.745279 -0.637455 0.000000 0.530400
-0.000008 0.000477 -0.010164 1.314686 0.837475 -0.029661 0.533672 -0.170588 0.461587 -0.370945 0.566457 -0.528849 0.745134 -0.637652 0.000000 0.530400
0.000048 0.000175 -0.000602 1.075769 0.837431 -0.028028 0.533906 -0.169551 0.462214 -0.370050 0.567394 -0.527748 0.746284 -0.636200 0.000000 0.530400
-0.000071 -0.000391 0.004755 -1.449192 0.837464 -0.029217 0.533738 -0.170308 0.461761 -0.370705 0.566717 -0.528552 0.745453 -0.637258 0.000000 0.530400
0.000071 0.000189 -0.003210 1.002269 0.837451 -0.029223 0.533723 -0.170310 0.461743 -0.370706 0.566697 -0.528554 0.745432 -0.637263 0.000000 0.530400
-0.000151 -0.000031 -0.002412 -2.434397 0.837447 -0.028924 0.533768 -0.170117 0.461859 -0.370538 0.566868 -0.528350 0.745640 -0.636996 0.000000 0.530400
0.000243 0.000223 -0.006869 0.615732 0.837454 -0.029293 0.533712 -0.170351 0.461713 -0.370739 0.566651 -0.528598 0.745375 -0.637324 0.000000 0.530400
0.000054 0.000067 0.000920 0.738290 0.837466 -0.029974 0.533610 -0.170785 0.461448 -0.371115 0.566258 -0.529059 0.744894 -0.637930 0.000000 0.530400
0.000049 0.000474 -0.005567 1.214668 0.837432 -0.028557 0.533818 -0.169889 0.461999 -0.370342 0.567080 -0.528106 0.745902 -0.636671 0.000000 0.530400
0.000175 0.000259 -0.004886 0.807378 0.837450 -0.028878 0.533779 -0.170087 0.461880 -0.370512 0.566897 -0.528318 0.745676 -0.636955 0.000000 0.530400
0.000048 0.000379 -0.004907 1.195698 0.837441 -0.029145 0.533726 -0.170260 0.461764 -0.370662 0.566732 -0.528501 0.745477 -0.637193 0.000000 0.530400
-0.000193 -0.000294 0.005550 -1.781117 0.837465 -0.029520 0.533684 -0.170492 0.461629 -0.370860 0.566523 -0.528749 0.745216 -0.637525 0.000000 0.530400
0.000130 0.000382 -0.002361 1.028647 0.837460 -0.028873 0.533790 -0.170086 0.461894 -0.370511 0.566913 -0.528316 0.745693 -0.636951 0.000000 0.530400
-0.000169 -0.000312 0.003659 -1.709950 0.837449 -0.028407 0.533861 -0.169793 0.462078 -0.370260 0.567187 -0.528005 0.746029 -0.636537 0.000000 0.530400
-0.000063 -0.000281 0.007147 -1.481754 0.837442 -0.029165 0.533724 -0.170274 0.461758 -0.370674 0.566723 -0.528516 0.745466 -0.637211 0.000000 0.530400
0.000190 -0.000112 0.008671 -0.441576 0.837472 -0.029250 0.533734 -0.170316 0.461740 -0.370707 0.566683 -0.528563 0.745410 -0.637284 0.000000 0.530400
-0.000017 -0.000268 0.008500 -1.352993 0.837428 -0.028319 0.533855 -0.169741 0.462096 -0.370216 0.567224 -0.527949 0.746078 -0.636460 0.000000 0.530400
-0.000360 -0.000827 0.014942 -1.639629 0.837439 -0.028382 0.533854 -0.169778 0.462079 -0.370247 0.567193 -0.527989 0.746038 -0.636515 0.000000 0.530400
-0.000016 0.000594 -0.008834 1.322123 0.837435 -0.028868 0.533767 -0.170085 0.461873 -0.370511 0.566894 -0.528315 0.745675 -0.636948 0.000000 0.530400
-0.000194 -0.000967 0.012285 -1.463473 0.837438 -0.028147 0.533893 -0.169628 0.462173 -0.370116 0.567331 -0.527829 0.746206 -0.636306 0.000000 0.530400
-0.000208 -0.000174 0.003918 -2.022487 0.837441 -0.028618 0.533816 -0.169927 0.461983 -0.370375 0.567052 -0.528147 0.745866 -0.636725 0.000000 0.530400
-0.000192 -0.000166 0.002012 -2.010687 0.837465 -0.029153 0.533749 -0.170266 0.461786 -0.370667 0.566753 -0.528507 0.745496 -0.637201 0.000000 0.534818
-0.000092 -0.000109 0.002619 -1.880402 0.837455 -0.028268 0.533888 -0.169701 0.462136 -0.370179 0.567270 -0.527908 0.746128 -0.636413 0.000000 0.603563
0.000155 0.000637 -0.009281 1.102323 0.837477 -0.029672 0.533670 -0.170591 0.461580 -0.370946 0.566446 -0.528853 0.745121 -0.637661 0.000000 0.668009
-0.000175 -0.000348 0.001513 -1.686305 0.837465 -0.028754 0.533809 -0.169998 0.461933 -0.370431 0.566968 -0.528225 0.745759 -0.636842 0.000000 0.706687
0.000003 -0.000151 0.005603 -1.284305 0.837479 -0.028695 0.533821 -0.169932 0.461940 -0.370363 0.566972 -0.528160 0.745760 -0.636780 0.000000 0.732468
-0.000230 -0.000411 0.004915 -1.722653 0.837425 -0.027096 0.534021 -0.168878 0.462500 -0.369438 0.567815 -0.527046 0.746798 -0.635345 0.000000 0.758236
-0.000202 0.000219 -0.002741 1.916239 0.837431 -0.026663 0.534088 -0.168576 0.462654 -0.369167 0.568036 -0.526730 0.747066 -0.634951 0.000000 0.801213
-0.000184 -0.000339 0.007160 -1.712203 0.837394 -0.025299 0.534277 -0.167696 0.463163 -0.368400 0.568797 -0.525794 0.748000 -0.633730 0.000000 0.852763
0.000023 0.000333 -0.005288 1.241762 0.837367 -0.024416 0.534408 -0.167147 0.463515 -0.367930 0.569323 -0.525207 0.748644 -0.632946 0.000000 0.882843
-0.000210 -0.000615 0.003676 -1.572222 0.837367 -0.022763 0.534679 -0.166069 0.464167 -0.366985 0.570273 -0.524062 0.749798 -0.631460 0.000000 0.921508
0.000004 -0.000148 0.000422 -1.280288 0.837312 -0.021575 0.534833 -0.165321 0.464613 -0.366340 0.570947 -0.523262 0.750629 -0.630399 0.000000 0.942990
-0.000040 0.000271 -0.005218 1.419940 0.837292 -0.020825 0.534948 -0.164855 0.464918 -0.365940 0.571399 -0.522762 0.751181 -0.629730 0.000000 0.942990
0.000165 0.000481 -0.009360 1.026589 0.837259 -0.020353 0.535001 -0.164563 0.465091 -0.365690 0.571666 -0.522448 0.751512 -0.629309 0.000000 0.942990
0.000075 0.000130 -0.005362 0.866527 0.837248 -0.019405 0.535158 -0.163965 0.465480 -0.365172 0.572236 -0.521808 0.752206 -0.628460 0.000000 0.942990
-0.000084 -0.000006 -0.000373 -2.537883 0.837256 -0.019884 0.535082 -0.164271 0.465289 -0.365438 0.571956 -0.522135 0.751863 -0.628890 0.000000 0.942990
0.000040 -0.000146 0.003142 -1.079324 0.837271 -0.020419 0.535006 -0.164614 0.465086 -0.365737 0.571653 -0.522501 0.751493 -0.629371 0.000000 0.942990
-0.000105 -0.000313 0.010629 -1.568852 0.837277 -0.020362 0.535020 -0.164574 0.465111 -0.365701 0.571687 -0.522459 0.751533 -0.629318 0.000000 0.942990
-0.000003 0.000182 -0.005437 1.314241 0.837265 -0.019791 0.535107 -0.164210 0.465336 -0.365385 0.572019 -0.522070 0.751938 -0.628806 0.000000 0.942990
-0.000102 0.000017 -0.002934 2.462078 0.837281 -0.020693 0.534969 -0.164791 0.464984 -0.365892 0.571501 -0.522690 0.751307 -0.629617 0.000000 0.942990
0.000175 -0.000231 0.000857 -0.762121 0.837320 -0.021056 0.534941 -0.165011 0.464861 -0.366079 0.571304 -0.522927 0.751060 -0.629939 0.000000 0.942990
0.000212 -0.000154 0.003186 -0.520136 0.837304 -0.021176 0.534905 -0.165092 0.464799 -0.366150 0.571221 -0.523013 0.750962 -0.630048 0.000000 0.942990
-0.000002 -0.000240 0.002667 -1.305358 0.837278 -0.020248 0.535043 -0.164507 0.465165 -0.365645 0.571765 -0.522387 0.751628 -0.629218 0.000000 0.942990
0.000111 0.000039 -0.001470 0.279972 0.837267 -0.019802 0.535112 -0.164228 0.465345 -0.365404 0.572032 -0.522087 0.751953 -0.628819 0.000000 0.942990
-0.000021 -0.000285 0.003310 -1.361529 0.837296 -0.020215 0.535069 -0.164490 0.465201 -0.365632 0.571810 -0.522368 0.751679 -0.629190 0.000000 0.942990
-0.000001 -0.000261 0.005328 -1.302649 0.837237 -0.019105 0.535202 -0.163782 0.465603 -0.365016 0.572420 -0.521610 0.752430 -0.628193 0.000000 0.942990
-0.000187 -0.001100 0.017946 -1.439058 0.837257 -0.020082 0.535054 -0.164407 0.465221 -0.365561 0.571855 -0.522279 0.751742 -0.629070 0.000000 0.942990
-0.000079 -0.000259 0.000245 -1.545087 0.837284 -0.019901 0.535110 -0.164288 0.465317 -0.365456 0.571984 -0.522152 0.751892 -0.628908 0.000000 0.942990
0.000085 -0.000043 -0.002892 -0.391107 0.837275 -0.020261 0.535039 -0.164517 0.465159 -0.365654 0.571758 -0.522397 0.751620 -0.629230 0.000000 0.942990
0.000245 0.000550 -0.010109 0.953142 0.837270 -0.019949 0.535092 -0.164327 0.465293 -0.365492 0.571955 -0.522192 0.751860 -0.628953 0.000000 0.942990
0.000051 -0.000102 -0.000614 -0.918356 0.837294 -0.020197 0.535068 -0.164475 0.465203 -0.365617 0.571813 -0.522352 0.751683 -0.629172 0.000000 0.942990
0.000090 0.000111 0.001092 0.736099 0.837280 -0.019865 0.535114 -0.164267 0.465331 -0.365438 0.572006 -0.522129 0.751920 -0.628875 0.000000 0.942990
0.000110 -0.000194 -0.000310 -0.874301 0.837292 -0.020667 0.534986 -0.164777 0.465010 -0.365881 0.571533 -0.522674 0.751343 -0.629595 0.000000 0.942990
0.000096 0.000699 -0.009101 1.186797 0.837271 -0.019887 0.535100 -0.164279 0.465311 -0.365448 0.571980 -0.522142 0.751890 -0.628895 0.000000 0.942990
0.000181 0.000276 -0.002863 0.819783 0.837255 -0.020060 0.535056 -0.164395 0.465229 -0.365550 0.571868 -0.522265 0.751757 -0.629052 0.000000 0.942990
0.000236 0.000361 -0.005191 0.820817 0.837289 -0.020086 0.535086 -0.164411 0.465252 -0.365564 0.571886 -0.522282 0.751772 -0.629074 0.000000 0.942990
-0.000171 -0.000979 0.013753 -1.443074 0.837240 -0.019524 0.535136 -0.164056 0.465440 -0.365257 0.572182 -0.521902 0.752141 -0.628571 0.000000 0.942990
0.000093 0.000125 0.000737 0.771084 0.837272 -0.019772 0.535122 -0.164208 0.465362 -0.365387 0.572053 -0.522066 0.751979 -0.628792 0.000319 0.942990
0.000183 0.000649 -0.011013 1.073012 0.837241 -0.019118 0.535206 -0.163794 0.465605 -0.365028 0.572422 -0.521622 0.752432 -0.628206 0.000319 0.942990
-0.000123 0.000045 -0.003283 2.310474 0.837247 -0.019585 0.535131 -0.164093 0.465419 -0.365288 0.572148 -0.521942 0.752099 -0.628625 0.031673 0.942990
-0.000233 -0.000289 0.009134 -1.860815 0.837242 -0.019129 0.535207 -0.163805 0.465607 -0.365039 0.572424 -0.521633 0.752434 -0.628216 0.131517 0.942990
0.000321 0.000631 -0.007605 0.910292 0.837271 -0.018943 0.535287 -0.163725 0.465757 -0.364983 0.572629 -0.521540 0.752677 -0.628060 0.167445 0.942990
-0.000005 0.000012 -0.001431 1.628064 0.837031 -0.013062 0.536132 -0.160086 0.468101 -0.361857 0.576134 -0.517614 0.756969 -0.622792 0.167445 0.942990
0.000574 -0.000270 -0.001142 -0.363709 0.836654 -0.004421 0.537470 -0.154905 0.471770 -0.357447 0.581592 -0.511948 0.763628 -0.615034 0.167445 0.942990
0.001211 0.000041 0.002369 0.028316 0.835821 0.008409 0.539268 -0.147197 0.477061 -0.350838 0.589523 -0.503428 0.773304 -0.603369 0.167445 0.942990
0.003042 0.001213 -0.026460 0.313915 0.833211 0.038546 0.543059 -0.128690 0.488971 -0.334636 0.607392 -0.482650 0.794990 -0.575228 0.167445 0.942990
0.005100 0.002760 -0.042097 0.410544 0.821360 0.111129 0.548685 -0.083306 0.514708 -0.293508 0.646850 -0.429413 0.842500 -0.503471 0.167445 0.942990
0.006517 0.003762 -0.057979 0.433331 0.795790 0.202042 0.549352 -0.024728 0.541722 -0.237522 0.689708 -0.355978 0.893036 -0.405184 0.167445 0.942990
0.006676 0.004823 -0.078697 0.517770 0.767355 0.271793 0.544585 0.021733 0.558066 -0.190770 0.717054 -0.293989 0.924256 -0.322818 0.167445 0.942990
0.008817 0.004713 -0.065978 0.406310 0.705809 0.379315 0.526775 0.096290 0.574711 -0.111175 0.748397 -0.187100 0.957527 -0.181773 0.167445 0.942990
0.008937 0.005149 -0.075463 0.432609 0.639655 0.462619 0.501955 0.157340 0.578430 -0.041383 0.761026 -0.092276 0.967356 -0.057758 0.167445 0.942990
0.009669 0.005568 -0.082607 0.432448 0.536653 0.556445 0.457118 0.231129 0.568653 0.049747 0.757478 0.033114 0.954012 0.104791 0.167445 0.942990
0.009442 0.006049 -0.087848 0.471515 0.442715 0.616992 0.411781 0.283527 0.548726 0.120476 0.737947 0.131732 0.921836 0.231475 0.167445 0.942990
0.009778 0.006467 -0.098358 0.483606 0.310638 0.673471 0.343154 0.340156 0.508395 0.205861 0.692097 0.252605 0.853872 0.385241 0.167445 0.942990
0.009924 0.006135 -0.101789 0.458243 0.175451 0.703637 0.267978 0.381775 0.454865 0.279733 0.627019 0.359071 0.762007 0.518890 0.167445 0.942990
0.009886 0.006038 -0.099468 0.453808 0.031962 0.708538 0.183515 0.409894 0.386290 0.344919 0.540397 0.455292 0.642832 0.637695 0.167445 0.942990
0.010491 0.006715 -0.099799 0.471245 -0.118863 0.683696 0.089409 0.421438 0.301086 0.398372 0.429978 0.537363 0.493823 0.736580 0.167445 0.942990
0.009612 0.006522 -0.088318 0.493393 -0.243978 0.637938 0.006927 0.416120 0.219377 0.430408 0.321991 0.589788 0.350032 0.797098 0.134010 0.942990
0.008672 0.006229 -0.094402 0.515511 -0.318944 0.597696 -0.044706 0.405473 0.164794 0.443540 0.248852 0.613439 0.253423 0.822587 0.080975 0.942990
0.008018 0.005264 -0.081377 0.480808 -0.454248 0.492266 -0.143757 0.366760 0.051783 0.451042 0.095407 0.635510 0.052747 0.840312 0.073447 0.942990
0.007694 0.004336 -0.072272 0.424703 -0.524880 0.412954 -0.199861 0.332213 -0.018067 0.443074 -0.000733 0.631836 -0.071681 0.828635 0.056309 0.895740
0.005097 0.003708 -0.048473 0.520520 -0.572635 0.343485 -0.240646 0.299438 -0.072328 0.429854 -0.076121 0.619372 -0.168542 0.807047 0.031673 0.749651
0.004320 0.002367 -0.030871 0.414849 -0.601364 0.291174 -0.266954 0.273104 -0.109299 0.416227 -0.127833 0.604874 -0.234584 0.784786 0.031673 0.728169
0.003272 0.001593 -0.021891 0.374975 -0.617093 0.256457 -0.282201 0.254543 -0.131634 0.405105 -0.159249 0.592639 -0.274556 0.767190 0.031673 0.659424
0.002369 0.000647 -0.007033 0.220637 -0.625317 0.235486 -0.290494 0.242569 -0.144026 0.397122 -0.176669 0.583846 -0.296623 0.755237 0.031673 0.556300
0.001551 -0.000030 -0.003334 -0.015826 -0.627775 0.227490 -0.293025 0.237433 -0.147883 0.393231 -0.182119 0.579669 -0.303533 0.750029 0.031673 0.530400
0.000683 0.000351 -0.009953 0.393318 -0.629032 0.222641 -0.294330 0.234106 -0.149898 0.390562 -0.184982 0.576843 -0.307169 0.746649 0.031673 0.530400
-0.000391 0.000069 -0.001863 2.455904 -0.628720 0.223347 -0.294006 0.234417 -0.149388 0.390702 -0.184252 0.577025 -0.306238 0.746975 0.031673 0.530400
-0.000337 0.000155 0.001860 2.243835 -0.628189 0.225397 -0.293453 0.235804 -0.148527 0.391803 -0.183022 0.578194 -0.304672 0.748385 0.031673 0.530400
0.000121 0.000043 -0.000648 0.281476 -0.628280 0.225091 -0.293549 0.235658 -0.148697 0.391727 -0.183281 0.578101 -0.305013 0.748234 0.031673 0.530400
-0.000112 -0.000152 -0.000004 -1.825045 -0.628233 0.225187 -0.293499 0.235666 -0.148607 0.391697 -0.183142 0.578081 -0.304829 0.748245 0.031673 0.530400
0.000001 0.000023 -0.000567 1.246895 -0.628209 0.225330 -0.293475 0.235786 -0.148571 0.391806 -0.183093 0.578192 -0.304768 0.748365 0.031673 0.530400
-0.000052 0.000024 -0.000613 2.237189 -0.628231 0.225225 -0.293498 0.235715 -0.148611 0.391750 -0.183152 0.578132 -0.304844 0.748293 0.031673 0.530400
0.000157 0.000137 0.000353 0.592695 -0.628231 0.225249 -0.293498 0.235735 -0.148609 0.391769 -0.183148 0.578152 -0.304838 0.748314 0.031673 0.530400
-0.000097 -0.000161 -0.001917 -1.747085 -0.628240 0.225192 -0.293508 0.235713 -0.148635 0.391762 -0.183194 0.578141 -0.304902 0.748291 0.031673 0.530400
0.000071 0.000002 0.001890 0.022564 -0.628261 0.225184 -0.293528 0.235693 -0.148649 0.391736 -0.183201 0.578116 -0.304902 0.748270 0.031673 0.530400
0.000685 0.000233 -0.001699 0.271357 -0.628329 0.224943 -0.293595 0.235432 -0.148707 0.391466 -0.183248 0.577849 -0.304939 0.748010 0.086821 0.530400
0.002838 0.000333 -0.002885 0.096542 -0.629381 0.220133 -0.294692 0.231947 -0.150422 0.388554 -0.185700 0.574798 -0.308064 0.744477 0.182931 0.530400
0.005639 0.000787 -0.003992 0.114719 -0.631529 0.209661 -0.296941 0.224036 -0.153874 0.381743 -0.190577 0.567712 -0.314236 0.736448 0.198799 0.530400
0.007971 0.000046 -0.006185 0.004729 -0.634331 0.193749 -0.299895 0.211312 -0.158338 0.370375 -0.196811 0.555986 -0.322073 0.723536 0.198799 0.530400
0.011396 0.000913 0.000908 0.066171 -0.636890 0.171508 -0.302583 0.191397 -0.162136 0.351441 -0.201900 0.536780 -0.328324 0.703455 0.198799 0.530400
0.011764 0.000840 -0.003267 0.058973 -0.637995 0.157209 -0.303722 0.177648 -0.163539 0.337923 -0.203607 0.523196 -0.330306 0.689663 0.198799 0.530400
0.011978 0.000815 -0.001121 0.056190 -0.639913 0.136395 -0.305814 0.159506 -0.166916 0.320897 -0.208464 0.505843 -0.336489 0.671292 0.198799 0.530400
0.012038 0.000786 -0.007032 0.053936 -0.641159 0.114378 -0.307064 0.137547 -0.168194 0.298961 -0.209774 0.483900 -0.337828 0.649327 0.198799 0.427144
0.012283 0.000732 -0.000266 0.049264 -0.642548 0.095357 -0.308644 0.121140 -0.171042 0.283636 -0.214068 0.468244 -0.343413 0.632663 0.198799 0.341216
0.012456 -0.000408 0.021813 -0.027109 -0.641052 0.089852 -0.306685 0.108684 -0.165732 0.268283 -0.204910 0.453747 -0.330806 0.620821 0.198799 0.328319
0.012003 -0.000928 0.026887 -0.063887 -0.635607 0.101443 -0.300728 0.105018 -0.152649 0.258028 -0.183334 0.445084 -0.301486 0.617722 0.198799 0.328319
0.012565 -0.001554 0.032985 -0.101843 -0.627442 0.119989 -0.292914 0.104250 -0.136260 0.248468 -0.156108 0.436982 -0.264110 0.616144 0.198799 0.328319
0.012275 -0.001174 0.035552 -0.078890 -0.617575 0.143634 -0.284757 0.106370 -0.119134 0.240192 -0.126793 0.429593 -0.223024 0.615343 0.198799 0.328319
0.012347 -0.001609 0.038675 -0.107269 -0.606829 0.161549 -0.276698 0.105250 -0.103669 0.229348 -0.100447 0.418877 -0.185862 0.609843 0.198799 0.328319
0.012374 -0.001766 0.039208 -0.117298 -0.592077 0.185617 -0.266815 0.105858 -0.085357 0.217268 -0.068593 0.406081 -0.140135 0.602666 0.198799 0.328319
0.012718 -0.001195 0.035311 -0.077530 -0.574805 0.208450 -0.256392 0.104672 -0.067135 0.202248 -0.036346 0.389287 -0.093038 0.590656 0.198799 0.328319
0.012763 -0.001260 0.032432 -0.081422 -0.558017 0.229827 -0.247569 0.104215 -0.052000 0.188430 -0.008313 0.372883 -0.050902 0.577699 0.198799 0.328319
0.012918 -0.001197 0.038974 -0.076479 -0.540505 0.247651 -0.239047 0.101776 -0.038335 0.172870 0.017459 0.354028 -0.011488 0.561214 0.198799 0.328319
0.012547 -0.000948 0.033691 -0.062418 -0.522662 0.264677 -0.231138 0.099844 -0.026295 0.157972 0.040957 0.335197 0.025303 0.543808 0.198799 0.328319
0.012921 -0.000618 0.039653 -0.039574 -0.501422 0.282189 -0.222649 0.096603 -0.014123 0.139687 0.065833 0.311555 0.065384 0.520752 0.198799 0.328319
0.013169 -0.001362 0.035037 -0.085272 -0.480018 0.297148 -0.214609 0.092906 -0.003622 0.121609 0.087915 0.287598 0.101794 0.496335 0.198799 0.366997
0.013130 -0.001162 0.032326 -0.073060 -0.459438 0.309655 -0.207415 0.089108 0.004961 0.104471 0.106767 0.264367 0.133760 0.471816 0.198799 0.530400
